  0.13089970       556.89868    
  0.26179940       542.56445    
  0.39269909       518.94690    
  0.52359879       486.45001    
  0.65449852       518.94690    
  0.78539819       542.56445    
  0.91629791       556.89856    
   1.0471976       561.70410    
   1.1780972       556.89856    
   1.3089970       542.56439    
   1.4398967       518.94690    
   1.5707964       486.45004    
   1.7016960       518.94690    
   1.8325958       542.56445    
   1.9634954       556.89856    
   2.0943952       561.70404    
   2.2252948       556.89856    
   2.3561945       542.56445    
   2.4870942       518.94690    
   2.6179941       486.45013    
   2.7488937       518.94696    
   2.8797934       542.56445    
   3.0106928       556.89856    
   3.1415927       561.70416    
   3.2724924       556.89856    
   3.4033921       542.56433    
   3.5342920       518.94690    
   3.6651917       486.45004    
   3.7960911       518.94684    
   3.9269907       542.56445    
   4.0578904       556.89856    
   4.1887903       561.70404    
   4.3196902       556.89868    
   4.4505897       542.56451    
   4.5814896       518.94678    
   4.7123890       486.45001    
   4.8432889       518.94696    
   4.9741883       542.56445    
   5.1050882       556.89862    
   5.2359881       561.70410    
   5.3668876       556.89856    
   5.4977875       542.56439    
   5.6286869       518.94690    
   5.7595868       486.45023    
   5.8904862       518.94702    
   6.0213857       542.56458    
   6.1522861       556.89856    
   6.2831855       561.70398    
