0 54.9151
3 54.893
6 54.8683
9 54.8412
12 54.8114
15 54.7792
18 54.7444
21 54.7071
24 54.6673
27 54.625
30 54.5802
33 54.5329
36 54.4831
39 54.4308
42 54.376
45 54.3188
48 54.2591
51 54.197
54 54.1324
57 54.0654
60 53.996
63 53.9242
66 53.85
69 53.7734
72 53.6944
75 53.6131
78 53.5294
81 53.4434
84 53.355
87 53.2643
90 53.1714
93 53.0761
96 52.9786
99 52.8788
102 52.7768
105 52.6726
108 52.5661
111 52.4575
114 52.3467
117 52.2337
120 52.1186
123 52.0014
126 51.882
129 51.7606
132 51.6371
135 51.5115
138 51.3839
141 51.2543
144 51.1227
147 50.9891
150 50.8535
153 50.7161
156 50.5767
159 50.4354
162 50.2923
165 50.1472
168 50.0004
171 49.8518
174 49.7014
177 49.5492
180 49.3952
183 49.2396
186 49.0823
189 48.9233
192 48.7626
195 48.6004
198 48.4365
201 48.2711
204 48.1041
207 47.9356
210 47.7656
213 47.5941
216 47.4212
219 47.2469
222 47.0712
225 46.8941
228 46.7157
231 46.536
234 46.3549
237 46.1727
240 45.9891
243 45.8044
246 45.6185
249 45.4315
252 45.2434
255 45.0541
258 44.8638
261 44.6725
264 44.4801
267 44.2868
270 44.0926
273 43.8974
276 43.7013
279 43.5044
282 43.3066
285 43.1081
288 42.9088
291 42.7087
294 42.5079
297 42.3065
300 42.1044
303 41.9017
306 41.6984
309 41.4945
312 41.2901
315 41.0852
318 40.8799
321 40.6741
324 40.4679
327 40.2614
330 40.0545
333 39.8473
336 39.6398
339 39.4321
342 39.2241
345 39.016
348 38.8077
351 38.5993
354 38.3908
357 38.1823
360 37.9737
363 37.7651
366 37.5566
369 37.3481
372 37.1397
375 36.9315
378 36.7234
381 36.5155
384 36.3078
387 36.1004
390 35.8933
393 35.6865
396 35.48
399 35.2739
402 35.0683
405 34.863
408 34.6583
411 34.454
414 34.2503
417 34.0471
420 33.8446
423 33.6427
426 33.4414
429 33.2408
432 33.0409
435 32.8418
438 32.6434
441 32.4459
444 32.2491
447 32.0533
450 31.8583
453 31.6643
456 31.4712
459 31.2792
462 31.0881
465 30.898
468 30.7091
471 30.5212
474 30.3345
477 30.1489
480 29.9645
483 29.7813
486 29.5993
489 29.4186
492 29.2392
495 29.0611
498 28.8844
501 28.709
504 28.535
507 28.3625
510 28.1914
513 28.0218
516 27.8536
519 27.687
522 27.522
525 27.3586
528 27.1967
531 27.0365
534 26.8779
537 26.721
540 26.5658
543 26.4123
546 26.2605
549 26.1106
552 25.9624
555 25.816
558 25.6715
561 25.5288
564 25.388
567 25.2491
570 25.1121
573 24.977
576 24.8439
579 24.7128
582 24.5837
585 24.4566
588 24.3316
591 24.2086
594 24.0877
597 23.9689
600 23.8522
603 23.7376
606 23.6252
609 23.5149
612 23.4068
615 23.3009
618 23.1972
621 23.0958
624 22.9966
627 22.8996
630 22.805
633 22.7126
636 22.6225
639 22.5347
642 22.4493
645 22.3662
648 22.2854
651 22.2071
654 22.1311
657 22.0574
660 21.9862
663 21.9174
666 21.851
669 21.7871
672 21.7256
675 21.6665
678 21.6099
681 21.5558
684 21.5041
687 21.4549
690 21.4083
693 21.3641
696 21.3224
699 21.2832
702 21.2466
705 21.2124
708 21.1808
711 21.1517
714 21.1252
717 21.1012
720 21.0798
723 21.0609
726 21.0445
729 21.0307
732 21.0194
735 21.0107
738 21.0046
741 21.001
744 21
747 21.0016
750 21.0057
753 21.0123
756 21.0215
759 21.0333
762 21.0476
765 21.0645
768 21.0839
771 21.1059
774 21.1304
777 21.1575
780 21.1871
783 21.2192
786 21.2538
789 21.291
792 21.3307
795 21.3729
798 21.4176
801 21.4648
804 21.5145
807 21.5666
810 21.6213
813 21.6784
816 21.7379
819 21.7999
822 21.8644
825 21.9313
828 22.0006
831 22.0723
834 22.1464
837 22.2229
840 22.3017
843 22.3829
846 22.4665
849 22.5524
852 22.6407
855 22.7312
858 22.8241
861 22.9192
864 23.0166
867 23.1163
870 23.2182
873 23.3223
876 23.4287
879 23.5372
882 23.6479
885 23.7608
888 23.8758
891 23.9929
894 24.1122
897 24.2335
900 24.3569
903 24.4824
906 24.6099
909 24.7394
912 24.8709
915 25.0044
918 25.1399
921 25.2772
924 25.4165
927 25.5577
930 25.7008
933 25.8457
936 25.9925
939 26.141
942 26.2913
945 26.4434
948 26.5973
951 26.7528
954 26.9101
957 27.069
960 27.2296
963 27.3918
966 27.5555
969 27.7209
972 27.8878
975 28.0562
978 28.2261
981 28.3975
984 28.5704
987 28.7446
990 28.9203
993 29.0973
996 29.2757
999 29.4553
1002 29.6363
1005 29.8185
1008 30.002
1011 30.1866
1014 30.3724
1017 30.5594
1020 30.7475
1023 30.9367
1026 31.127
1029 31.3183
1032 31.5105
1035 31.7038
1038 31.898
1041 32.0932
1044 32.2892
1047 32.4861
1050 32.6838
1053 32.8823
1056 33.0816
1059 33.2816
1062 33.4824
1065 33.6838
1068 33.8858
1071 34.0885
1074 34.2918
1077 34.4956
1080 34.7
1083 34.9049
1086 35.1102
1089 35.3159
1092 35.5221
1095 35.7286
1098 35.9355
1101 36.1427
1104 36.3502
1107 36.5579
1110 36.7658
1113 36.9739
1116 37.1822
1119 37.3906
1122 37.5991
1125 37.8077
1128 38.0162
1131 38.2248
1134 38.4333
1137 38.6418
1140 38.8502
1143 39.0585
1146 39.2665
1149 39.4745
1152 39.6821
1155 39.8896
1158 40.0967
1161 40.3035
1164 40.51
1167 40.7161
1170 40.9218
1173 41.1271
1176 41.3318
1179 41.5361
1182 41.7399
1185 41.9431
1188 42.1456
1191 42.3476
1194 42.5489
1197 42.7496
1200 42.9495
1203 43.1486
1206 43.347
1209 43.5446
1212 43.7414
1215 43.9373
1218 44.1323
1221 44.3263
1224 44.5194
1227 44.7116
1230 44.9027
1233 45.0928
1236 45.2818
1239 45.4698
1242 45.6566
1245 45.8422
1248 46.0267
1251 46.2099
1254 46.392
1257 46.5727
1260 46.7522
1263 46.9303
1266 47.1071
1269 47.2826
1272 47.4566
1275 47.6292
1278 47.8004
1281 47.9701
1284 48.1383
1287 48.3049
1290 48.4701
1293 48.6336
1296 48.7955
1299 48.9558
1302 49.1145
1305 49.2715
1308 49.4268
1311 49.5803
1314 49.7322
1317 49.8822
1320 50.0305
1323 50.177
1326 50.3216
1329 50.4644
1332 50.6053
1335 50.7443
1338 50.8813
1341 51.0165
1344 51.1497
1347 51.2809
1350 51.4101
1353 51.5373
1356 51.6624
1359 51.7855
1362 51.9065
1365 52.0254
1368 52.1422
1371 52.2569
1374 52.3695
1377 52.4798
1380 52.588
1383 52.694
1386 52.7978
1389 52.8994
1392 52.9987
1395 53.0957
1398 53.1905
1401 53.283
1404 53.3732
1407 53.4611
1410 53.5466
1413 53.6299
1416 53.7107
1419 53.7892
1422 53.8653
1425 53.9391
1428 54.0104
1431 54.0793
1434 54.1458
1437 54.2099
1440 54.2715
1443 54.3307
1446 54.3874
1449 54.4417
1452 54.4934
1455 54.5427
1458 54.5895
1461 54.6338
1464 54.6757
1467 54.7149
1470 54.7517
1473 54.786
1476 54.8177
1479 54.8469
1482 54.8736
1485 54.8977
1488 54.9193
1491 54.9383
1494 54.9548
1497 54.9687
1500 54.9801
1503 54.9889
1506 54.9952
1509 54.9989
1512 55
1515 54.9986
1518 54.9946
1521 54.9881
1524 54.979
1527 54.9673
1530 54.9531
1533 54.9364
1536 54.9171
1539 54.8952
1542 54.8708
1545 54.8439
1548 54.8144
1551 54.7824
1554 54.7479
1557 54.7108
1560 54.6713
1563 54.6292
1566 54.5846
1569 54.5376
1572 54.488
1575 54.436
1578 54.3814
1581 54.3245
1584 54.265
1587 54.2031
1590 54.1388
1593 54.072
1596 54.0028
1599 53.9313
1602 53.8573
1605 53.7809
1608 53.7021
1611 53.621
1614 53.5376
1617 53.4518
1620 53.3636
1623 53.2732
1626 53.1805
1629 53.0854
1632 52.9881
1635 52.8886
1638 52.7868
1641 52.6828
1644 52.5765
1647 52.4681
1650 52.3575
1653 52.2447
1656 52.1298
1659 52.0128
1662 51.8936
1665 51.7724
1668 51.6491
1671 51.5237
1674 51.3963
1677 51.2669
1680 51.1355
1683 51.0021
1686 50.8667
1689 50.7294
1692 50.5902
1695 50.4491
1698 50.3062
1701 50.1613
1704 50.0147
1707 49.8662
1710 49.716
1713 49.5639
1716 49.4102
1719 49.2547
1722 49.0975
1725 48.9387
1728 48.7782
1731 48.6161
1734 48.4524
1737 48.2871
1740 48.1203
1743 47.9519
1746 47.7821
1749 47.6108
1752 47.438
1755 47.2638
1758 47.0882
1761 46.9113
1764 46.733
1767 46.5534
1770 46.3725
1773 46.1903
1776 46.0069
1779 45.8223
1782 45.6366
1785 45.4496
1788 45.2616
1791 45.0725
1794 44.8823
1797 44.691
1800 44.4988
1803 44.3055
1806 44.1114
1809 43.9163
1812 43.7203
1815 43.5234
1818 43.3258
1821 43.1273
1824 42.928
1827 42.7281
1830 42.5273
1833 42.326
1836 42.1239
1839 41.9213
1842 41.718
1845 41.5142
1848 41.3099
1851 41.105
1854 40.8997
1857 40.694
1860 40.4879
1863 40.2813
1866 40.0745
1869 39.8673
1872 39.6599
1875 39.4521
1878 39.2442
1881 39.0361
1884 38.8278
1887 38.6195
1890 38.411
1893 38.2024
1896 37.9938
1899 37.7853
1902 37.5767
1905 37.3682
1908 37.1599
1911 36.9516
1914 36.7435
1917 36.5356
1920 36.3279
1923 36.1205
1926 35.9133
1929 35.7065
1932 35.5
1935 35.2938
1938 35.0881
1941 34.8829
1944 34.678
1947 34.4737
1950 34.27
1953 34.0668
1956 33.8641
1959 33.6621
1962 33.4608
1965 33.2601
1968 33.0602
1971 32.861
1974 32.6625
1977 32.4649
1980 32.2681
1983 32.0722
1986 31.8771
1989 31.683
1992 31.4899
1995 31.2977
1998 31.1065
2001 30.9164
2004 30.7273
2007 30.5393
2010 30.3524
2013 30.1667
2016 29.9822
2019 29.7989
2022 29.6168
2025 29.436
2028 29.2565
2031 29.0782
2034 28.9014
2037 28.7259
2040 28.5518
2043 28.3791
2046 28.2078
2049 28.0381
2052 27.8698
2055 27.7031
2058 27.5379
2061 27.3743
2064 27.2123
2067 27.0519
2070 26.8931
2073 26.7361
2076 26.5807
2079 26.427
2082 26.2751
2085 26.125
2088 25.9766
2091 25.8301
2094 25.6853
2097 25.5425
2100 25.4015
2103 25.2624
2106 25.1252
2109 24.99
2112 24.8567
2115 24.7254
2118 24.5961
2121 24.4688
2124 24.3436
2127 24.2204
2130 24.0993
2133 23.9803
2136 23.8633
2139 23.7486
2142 23.6359
2145 23.5254
2148 23.4171
2151 23.311
2154 23.2072
2157 23.1055
2160 23.0061
2163 22.9089
2166 22.814
2169 22.7214
2172 22.6311
2175 22.5431
2178 22.4574
2181 22.3741
2184 22.2931
2187 22.2145
2190 22.1383
2193 22.0644
2196 21.993
2199 21.924
2202 21.8573
2205 21.7932
2208 21.7314
2211 21.6721
2214 21.6153
2217 21.5609
2220 21.509
2223 21.4596
2226 21.4127
2229 21.3682
2232 21.3263
2235 21.2869
2238 21.25
2241 21.2156
2244 21.1838
2247 21.1544
2250 21.1277
2253 21.1034
2256 21.0817
2259 21.0626
2262 21.046
2265 21.0319
2268 21.0204
2271 21.0115
2274 21.0051
2277 21.0013
2280 21
2283 21.0013
2286 21.0051
2289 21.0116
2292 21.0205
2295 21.032
2298 21.0461
2301 21.0628
2304 21.0819
2307 21.1037
2310 21.1279
2313 21.1547
2316 21.1841
2319 21.216
2322 21.2504
2325 21.2873
2328 21.3267
2331 21.3687
2334 21.4132
2337 21.4601
2340 21.5095
2343 21.5615
2346 21.6159
2349 21.6727
2352 21.7321
2355 21.7938
2358 21.8581
2361 21.9247
2364 21.9938
2367 22.0652
2370 22.1391
2373 22.2154
2376 22.294
2379 22.375
2382 22.4583
2385 22.544
2388 22.6321
2391 22.7224
2394 22.815
2397 22.9099
2400 23.0071
2403 23.1066
2406 23.2083
2409 23.3122
2412 23.4183
2415 23.5266
2418 23.6371
2421 23.7498
2424 23.8646
2427 23.9815
2430 24.1006
2433 24.2217
2436 24.3449
2439 24.4702
2442 24.5975
2445 24.7268
2448 24.8581
2451 24.9914
2454 25.1267
2457 25.2639
2460 25.403
2463 25.544
2466 25.6869
2469 25.8316
2472 25.9782
2475 26.1266
2478 26.2767
2481 26.4287
2484 26.5823
2487 26.7377
2490 26.8948
2493 27.0536
2496 27.214
2499 27.376
2502 27.5396
2505 27.7049
2508 27.8716
2511 28.0399
2514 28.2097
2517 28.3809
2520 28.5536
2523 28.7277
2526 28.9033
2529 29.0801
2532 29.2584
2535 29.4379
2538 29.6188
2541 29.8009
2544 29.9842
2547 30.1687
2550 30.3544
2553 30.5413
2556 30.7293
2559 30.9184
2562 31.1085
2565 31.2997
2568 31.4919
2571 31.6851
2574 31.8792
2577 32.0743
2580 32.2702
2583 32.467
2586 32.6647
2589 32.8631
2592 33.0623
2595 33.2623
2598 33.4629
2601 33.6643
2604 33.8663
2607 34.0689
2610 34.2721
2613 34.4759
2616 34.6802
2619 34.885
2622 35.0903
2625 35.296
2628 35.5022
2631 35.7087
2634 35.9155
2637 36.1227
2640 36.3301
2643 36.5378
2646 36.7457
2649 36.9538
2652 37.1621
2655 37.3705
2658 37.579
2661 37.7875
2664 37.9961
2667 38.2047
2670 38.4132
2673 38.6217
2676 38.8301
2679 39.0383
2682 39.2465
2685 39.4544
2688 39.6621
2691 39.8695
2694 40.0767
2697 40.2836
2700 40.4901
2703 40.6962
2706 40.9019
2709 41.1072
2712 41.3121
2715 41.5164
2718 41.7202
2721 41.9234
2724 42.1261
2727 42.3281
2730 42.5295
2733 42.7302
2736 42.9302
2739 43.1294
2742 43.3279
2745 43.5256
2748 43.7224
2751 43.9184
2754 44.1135
2757 44.3076
2760 44.5008
2763 44.6931
2766 44.8843
2769 45.0745
2772 45.2636
2775 45.4516
2778 45.6386
2781 45.8243
2784 46.0089
2787 46.1923
2790 46.3744
2793 46.5553
2796 46.7349
2799 46.9132
2802 47.0901
2805 47.2657
2808 47.4399
2811 47.6126
2814 47.7839
2817 47.9538
2820 48.1221
2823 48.2889
2826 48.4542
2829 48.6179
2832 48.78
2835 48.9404
2838 49.0992
2841 49.2564
2844 49.4118
2847 49.5656
2850 49.7176
2853 49.8678
2856 50.0163
2859 50.1629
2862 50.3077
2865 50.4507
2868 50.5917
2871 50.7309
2874 50.8682
2877 51.0035
2880 51.1369
2883 51.2683
2886 51.3977
2889 51.5251
2892 51.6504
2895 51.7737
2898 51.8949
2901 52.014
2904 52.1311
2907 52.2459
2910 52.3587
2913 52.4693
2916 52.5777
2919 52.6839
2922 52.7879
2925 52.8896
2928 52.9892
2931 53.0865
2934 53.1815
2937 53.2742
2940 53.3646
2943 53.4527
2946 53.5385
2949 53.6219
2952 53.703
2955 53.7817
2958 53.8581
2961 53.932
2964 54.0036
2967 54.0728
2970 54.1395
2973 54.2038
2976 54.2657
2979 54.3251
2982 54.382
2985 54.4365
2988 54.4885
2991 54.5381
2994 54.5851
2997 54.6297
3000 54.6717
3003 54.7113
3006 54.7483
3009 54.7828
3012 54.8148
3015 54.8442
3018 54.8711
3021 54.8955
3024 54.9173
3027 54.9366
3030 54.9533
3033 54.9675
3036 54.9791
3039 54.9882
3042 54.9947
3045 54.9986
3048 55
3051 54.9988
3054 54.9951
3057 54.9888
3060 54.98
3063 54.9686
3066 54.9546
3069 54.9381
