0 26
2 25.9988
4 25.9953
6 25.9893
8 25.981
10 25.9704
12 25.9574
14 25.942
16 25.9243
18 25.9042
20 25.8818
22 25.857
24 25.83
26 25.8006
28 25.7689
30 25.7349
32 25.6987
34 25.6602
36 25.6194
38 25.5764
40 25.5311
42 25.4837
44 25.434
46 25.3822
48 25.3282
50 25.272
52 25.2138
54 25.1534
56 25.0909
58 25.0264
60 24.9599
62 24.8913
64 24.8207
66 24.7482
68 24.6737
70 24.5973
72 24.519
74 24.4388
76 24.3568
78 24.2729
80 24.1873
82 24.0999
84 24.0108
86 23.92
88 23.8276
90 23.7335
92 23.6377
94 23.5405
96 23.4417
98 23.3413
100 23.2395
102 23.1363
104 23.0317
106 22.9257
108 22.8184
110 22.7098
112 22.5999
114 22.4888
116 22.3765
118 22.2631
120 22.1486
122 22.033
124 21.9164
126 21.7988
128 21.6802
130 21.5608
132 21.4404
134 21.3193
136 21.1973
138 21.0747
140 20.9513
142 20.8272
144 20.7026
146 20.5773
148 20.4515
150 20.3253
152 20.1986
154 20.0714
156 19.9439
158 19.8161
160 19.6881
162 19.5597
164 19.4312
166 19.3026
168 19.1738
170 19.045
172 18.9162
174 18.7874
176 18.6587
178 18.5301
180 18.4016
182 18.2733
184 18.1453
186 18.0176
188 17.8902
190 17.7632
192 17.6367
194 17.5105
196 17.3849
198 17.2598
200 17.1354
202 17.0115
204 16.8883
206 16.7659
208 16.6442
210 16.5232
212 16.4032
214 16.284
216 16.1657
218 16.0484
220 15.9321
222 15.8168
224 15.7026
226 15.5895
228 15.4776
230 15.3669
232 15.2574
234 15.1492
236 15.0422
238 14.9367
240 14.8324
242 14.7297
244 14.6283
246 14.5284
248 14.4301
250 14.3333
252 14.238
254 14.1444
256 14.0525
258 13.9622
260 13.8736
262 13.7867
264 13.7016
266 13.6183
268 13.5369
270 13.4573
272 13.3795
274 13.3037
276 13.2298
278 13.1578
280 13.0878
282 13.0199
284 12.9539
286 12.89
288 12.8282
290 12.7685
292 12.7108
294 12.6553
296 12.602
298 12.5508
300 12.5018
302 12.455
304 12.4104
306 12.3681
308 12.328
310 12.2901
312 12.2546
314 12.2213
316 12.1903
318 12.1616
320 12.1353
322 12.1112
324 12.0895
326 12.0702
328 12.0531
330 12.0385
332 12.0262
334 12.0162
336 12.0086
338 12.0034
340 12.0006
342 12.0001
344 12.002
346 12.0063
348 12.0129
350 12.0219
352 12.0333
354 12.047
356 12.0631
358 12.0815
360 12.1023
362 12.1254
364 12.1509
366 12.1786
368 12.2087
370 12.2411
372 12.2757
374 12.3127
376 12.3519
378 12.3933
380 12.437
382 12.4829
384 12.5311
386 12.5814
388 12.6339
390 12.6885
392 12.7453
394 12.8042
396 12.8652
398 12.9283
400 12.9934
402 13.0606
404 13.1298
406 13.2009
408 13.2741
410 13.3491
412 13.4261
414 13.505
416 13.5857
418 13.6683
420 13.7527
422 13.8388
424 13.9267
426 14.0163
428 14.1076
430 14.2006
432 14.2952
434 14.3914
436 14.4891
438 14.5884
440 14.6892
442 14.7914
444 14.895
446 15.0001
448 15.1065
450 15.2142
452 15.3232
454 15.4334
456 15.5449
458 15.6575
460 15.7713
462 15.8861
464 16.002
466 16.1189
468 16.2368
470 16.3557
472 16.4754
474 16.596
476 16.7174
478 16.8395
480 16.9624
482 17.086
484 17.2103
486 17.3351
488 17.4605
490 17.5864
492 17.7128
494 17.8397
496 17.9669
498 18.0945
500 18.2224
502 18.3506
504 18.4789
506 18.6075
508 18.7362
510 18.865
512 18.9938
514 19.1226
516 19.2514
518 19.3801
520 19.5086
522 19.637
524 19.7652
526 19.8931
528 20.0208
530 20.148
532 20.2749
534 20.4014
536 20.5274
538 20.6528
540 20.7777
542 20.902
544 21.0257
546 21.1486
548 21.2709
550 21.3923
552 21.513
554 21.6328
556 21.7517
558 21.8697
560 21.9867
562 22.1027
564 22.2177
566 22.3315
568 22.4443
570 22.5558
572 22.6662
574 22.7753
576 22.8832
578 22.9897
580 23.0949
582 23.1987
584 23.301
586 23.4019
588 23.5014
590 23.5992
592 23.6956
594 23.7903
596 23.8834
598 23.9749
600 24.0647
602 24.1528
604 24.2391
606 24.3236
608 24.4064
610 24.4873
612 24.5664
614 24.6435
616 24.7188
618 24.7921
620 24.8635
622 24.9328
624 25.0002
626 25.0655
628 25.1288
630 25.19
632 25.2491
634 25.3061
636 25.361
638 25.4137
640 25.4642
642 25.5125
644 25.5586
646 25.6026
648 25.6442
650 25.6836
652 25.7208
654 25.7557
656 25.7883
658 25.8186
660 25.8466
662 25.8722
664 25.8956
666 25.9166
668 25.9352
670 25.9515
672 25.9655
674 25.9771
676 25.9863
678 25.9932
680 25.9977
682 25.9998
684 25.9996
686 25.997
688 25.992
690 25.9846
692 25.9749
694 25.9628
696 25.9484
698 25.9316
700 25.9125
702 25.891
704 25.8672
706 25.841
708 25.8126
710 25.7818
712 25.7487
714 25.7134
716 25.6758
718 25.6359
720 25.5938
722 25.5494
724 25.5028
726 25.454
728 25.403
730 25.3499
732 25.2946
734 25.2372
736 25.1777
738 25.116
740 25.0523
742 24.9866
744 24.9188
746 24.849
748 24.7773
750 24.7035
752 24.6279
754 24.5503
756 24.4709
758 24.3896
760 24.3065
762 24.2216
764 24.1349
766 24.0465
768 23.9563
770 23.8645
772 23.7711
774 23.676
776 23.5793
778 23.4811
780 23.3814
782 23.2802
784 23.1775
786 23.0735
788 22.968
790 22.8612
792 22.7531
794 22.6437
796 22.5331
798 22.4213
800 22.3083
802 22.1943
804 22.0791
806 21.9629
808 21.8457
810 21.7275
812 21.6084
814 21.4884
816 21.3676
818 21.2459
820 21.1235
822 21.0004
824 20.8766
826 20.7522
828 20.6272
830 20.5016
832 20.3755
834 20.249
836 20.122
838 19.9947
840 19.867
842 19.739
844 19.6108
846 19.4824
848 19.3538
850 19.225
852 19.0963
854 18.9674
856 18.8386
858 18.7099
860 18.5812
862 18.4527
864 18.3243
866 18.1962
868 18.0684
870 17.9409
872 17.8137
874 17.687
876 17.5606
878 17.4348
880 17.3095
882 17.1848
884 17.0607
886 16.9372
888 16.8145
890 16.6925
892 16.5712
894 16.4508
896 16.3313
898 16.2126
900 16.0949
902 15.9782
904 15.8625
906 15.7479
908 15.6344
910 15.522
912 15.4108
914 15.3008
916 15.1921
918 15.0846
920 14.9785
922 14.8737
924 14.7704
926 14.6684
928 14.568
930 14.469
932 14.3716
934 14.2757
936 14.1815
938 14.0888
940 13.9979
942 13.9086
944 13.8211
946 13.7353
948 13.6513
950 13.5691
952 13.4887
954 13.4102
956 13.3336
958 13.2589
960 13.1862
962 13.1154
964 13.0467
966 12.9799
968 12.9152
970 12.8525
972 12.792
974 12.7335
976 12.6772
978 12.623
980 12.5709
982 12.521
984 12.4734
986 12.4279
988 12.3847
990 12.3437
992 12.3049
994 12.2685
996 12.2343
998 12.2024
1000 12.1728
1002 12.1455
1004 12.1205
1006 12.0979
1008 12.0776
1010 12.0596
1012 12.044
1014 12.0308
1016 12.0199
1018 12.0114
1020 12.0052
1022 12.0014
1024 12
1026 12.001
1028 12.0043
1030 12.01
1032 12.0181
1034 12.0285
1036 12.0413
1038 12.0564
1040 12.0739
1042 12.0938
1044 12.116
1046 12.1405
1048 12.1673
1050 12.1965
1052 12.2279
1054 12.2617
1056 12.2977
1058 12.336
1060 12.3766
1062 12.4194
1064 12.4644
1066 12.5117
1068 12.5611
1070 12.6127
1072 12.6665
1074 12.7224
1076 12.7805
1078 12.8407
1080 12.9029
1082 12.9673
1084 13.0336
1086 13.102
1088 13.1724
1090 13.2447
1092 13.319
1094 13.3953
1096 13.4734
1098 13.5534
1100 13.6352
1102 13.7189
1104 13.8043
1106 13.8915
1108 13.9805
1110 14.0711
1112 14.1634
1114 14.2574
1116 14.3529
1118 14.4501
1120 14.5487
1122 14.6489
1124 14.7506
1126 14.8536
1128 14.9581
1130 15.064
1132 15.1712
1134 15.2797
1136 15.3894
1138 15.5004
1140 15.6126
1142 15.7259
1144 15.8403
1146 15.9558
1148 16.0723
1150 16.1898
1152 16.3083
1154 16.4277
1156 16.5479
1158 16.669
1160 16.7908
1162 16.9135
1164 17.0368
1166 17.1608
1168 17.2854
1170 17.4106
1172 17.5363
1174 17.6625
1176 17.7892
1178 17.9163
1180 18.0437
1182 18.1715
1184 18.2996
1186 18.4279
1188 18.5563
1190 18.685
1192 18.8137
1194 18.9425
1196 19.0714
1198 19.2002
1200 19.3289
1202 19.4575
1204 19.586
1206 19.7143
1208 19.8423
1210 19.97
1212 20.0975
1214 20.2245
1216 20.3511
1218 20.4773
1220 20.603
1222 20.7281
1224 20.8526
1226 20.9766
1228 21.0998
1230 21.2223
1232 21.3441
1234 21.4651
1236 21.5853
1238 21.7045
1240 21.8229
1242 21.9403
1244 22.0567
1246 22.1721
1248 22.2864
1250 22.3996
1252 22.5116
1254 22.6225
1256 22.7321
1258 22.8404
1260 22.9475
1262 23.0532
1264 23.1575
1266 23.2605
1268 23.362
1270 23.462
1272 23.5605
1274 23.6575
1276 23.7528
1278 23.8466
1280 23.9387
1282 24.0292
1284 24.1179
1286 24.205
1288 24.2902
1290 24.3737
1292 24.4553
1294 24.5351
1296 24.6131
1298 24.6891
1300 24.7632
1302 24.8353
1304 24.9055
1306 24.9736
1308 25.0398
1310 25.1039
1312 25.1659
1314 25.2259
1316 25.2837
1318 25.3394
1320 25.393
1322 25.4443
1324 25.4936
1326 25.5406
1328 25.5854
1330 25.6279
1332 25.6682
1334 25.7063
1336 25.7421
1338 25.7756
1340 25.8068
1342 25.8357
1344 25.8623
1346 25.8866
1348 25.9085
1350 25.9281
1352 25.9453
1354 25.9602
1356 25.9728
1358 25.9829
1360 25.9907
1362 25.9962
1364 25.9992
1366 26
1368 25.9983
1370 25.9942
1372 25.9878
1374 25.9791
1376 25.9679
1378 25.9544
1380 25.9386
1382 25.9203
1384 25.8998
1386 25.8769
1388 25.8517
1390 25.8242
1392 25.7943
1394 25.7622
1396 25.7277
1398 25.691
1400 25.652
1402 25.6108
1404 25.5673
1406 25.5216
1408 25.4737
1410 25.4236
1412 25.3713
1414 25.3169
1416 25.2603
1418 25.2016
1420 25.1408
1422 25.0779
1424 25.013
1426 24.946
1428 24.877
1430 24.806
1432 24.7331
1434 24.6582
1436 24.5814
1438 24.5027
1440 24.4222
1442 24.3398
1444 24.2556
1446 24.1696
1448 24.0818
1450 23.9924
1452 23.9012
1454 23.8084
1456 23.714
1458 23.618
1460 23.5204
1462 23.4213
1464 23.3206
1466 23.2185
1468 23.115
1470 23.0101
1472 22.9039
1474 22.7963
1476 22.6874
1478 22.5773
1480 22.4659
1482 22.3534
1484 22.2398
1486 22.125
1488 22.0092
1490 21.8924
1492 21.7746
1494 21.6559
1496 21.5362
1498 21.4157
1500 21.2944
1502 21.1723
1504 21.0495
1506 20.926
1508 20.8018
1510 20.677
1512 20.5516
1514 20.4258
1516 20.2994
1518 20.1726
1520 20.0454
1522 19.9178
1524 19.79
1526 19.6618
1528 19.5335
1530 19.4049
1532 19.2763
1534 19.1475
1536 19.0187
1538 18.8898
1540 18.7611
1542 18.6323
1544 18.5038
1546 18.3754
1548 18.2471
1550 18.1192
1552 17.9915
1554 17.8642
1556 17.7373
1558 17.6108
1560 17.4848
1562 17.3593
1564 17.2343
1566 17.11
1568 16.9863
1570 16.8632
1572 16.7409
1574 16.6194
1576 16.4986
1578 16.3787
1580 16.2597
1582 16.1416
1584 16.0245
1586 15.9084
1588 15.7934
1590 15.6794
1592 15.5666
1594 15.4549
1596 15.3444
1598 15.2352
1600 15.1272
1602 15.0205
1604 14.9152
1606 14.8113
1608 14.7088
1610 14.6078
1612 14.5082
1614 14.4101
1616 14.3137
1618 14.2188
1620 14.1255
1622 14.0338
1624 13.9439
1626 13.8557
1628 13.7692
1630 13.6845
1632 13.6015
1634 13.5204
1636 13.4412
1638 13.3639
1640 13.2884
1642 13.2149
1644 13.1433
1646 13.0738
1648 13.0062
1650 12.9407
1652 12.8772
1654 12.8158
1656 12.7565
1658 12.6993
1660 12.6443
1662 12.5913
1664 12.5406
1666 12.4921
1668 12.4457
1670 12.4016
1672 12.3597
1674 12.3201
1676 12.2827
1678 12.2476
1680 12.2148
1682 12.1843
1684 12.156
1686 12.1302
1688 12.1066
1690 12.0854
1692 12.0665
1694 12.0499
1696 12.0358
1698 12.0239
1700 12.0145
1702 12.0074
1704 12.0026
1706 12.0003
1708 12.0003
1710 12.0027
1712 12.0074
1714 12.0146
1716 12.0241
1718 12.0359
1720 12.0501
1722 12.0667
1724 12.0856
1726 12.1068
1728 12.1304
1730 12.1564
1732 12.1846
1734 12.2151
1736 12.248
1738 12.2831
1740 12.3205
1742 12.3602
1744 12.4021
1746 12.4462
1748 12.4926
1750 12.5412
1752 12.5919
1754 12.6449
1756 12.6999
1758 12.7572
1760 12.8165
1762 12.8779
1764 12.9414
1766 13.007
1768 13.0746
1770 13.1441
1772 13.2157
1774 13.2892
1776 13.3647
1778 13.4421
1780 13.5213
1782 13.6025
1784 13.6854
1786 13.7701
1788 13.8567
1790 13.9449
1792 14.0349
1794 14.1265
1796 14.2198
1798 14.3147
1800 14.4112
1802 14.5093
1804 14.6089
1806 14.71
1808 14.8125
1810 14.9164
1812 15.0217
1814 15.1284
1816 15.2364
1818 15.3456
1820 15.4561
1822 15.5678
1824 15.6807
1826 15.7947
1828 15.9097
1830 16.0258
1832 16.143
1834 16.2611
1836 16.3801
1838 16.5
1840 16.6207
1842 16.7423
1844 16.8646
1846 16.9876
1848 17.1114
1850 17.2357
1852 17.3607
1854 17.4862
1856 17.6123
1858 17.7388
1860 17.8657
1862 17.993
1864 18.1206
1866 18.2486
1868 18.3768
1870 18.5052
1872 18.6338
1874 18.7625
1876 18.8913
1878 19.0201
1880 19.1489
1882 19.2777
1884 19.4064
1886 19.5349
1888 19.6633
1890 19.7914
1892 19.9193
1894 20.0468
1896 20.174
1898 20.3008
1900 20.4272
1902 20.5531
1904 20.6784
1906 20.8032
1908 20.9274
1910 21.0509
1912 21.1737
1914 21.2958
1916 21.4171
1918 21.5376
1920 21.6572
1922 21.7759
1924 21.8937
1926 22.0105
1928 22.1263
1930 22.2411
1932 22.3547
1934 22.4672
1936 22.5785
1938 22.6886
1940 22.7975
1942 22.9051
1944 23.0113
1946 23.1162
1948 23.2197
1950 23.3218
1952 23.4224
1954 23.5215
1956 23.6191
1958 23.7151
1960 23.8095
1962 23.9023
1964 23.9934
1966 24.0829
1968 24.1706
1970 24.2565
1972 24.3407
1974 24.4231
1976 24.5036
1978 24.5823
1980 24.6591
1982 24.7339
1984 24.8069
1986 24.8778
1988 24.9468
1990 25.0137
1992 25.0786
1994 25.1415
1996 25.2023
1998 25.2609
2000 25.3175
2002 25.3719
2004 25.4242
2006 25.4742
2008 25.5221
2010 25.5678
2012 25.6113
2014 25.6525
2016 25.6914
2018 25.7281
2020 25.7625
2022 25.7947
2024 25.8245
2026 25.852
2028 25.8772
2030 25.9
2032 25.9206
2034 25.9387
2036 25.9546
2038 25.9681
2040 25.9792
2042 25.9879
2044 25.9943
2046 25.9983
