0 12
1 12.0184
2 12.0368
3 12.0552
4 12.0736
5 12.092
6 12.1104
7 12.1288
8 12.1472
9 12.1656
10 12.1839
11 12.2023
12 12.2207
13 12.239
14 12.2573
15 12.2757
16 12.294
17 12.3123
18 12.3306
19 12.3489
20 12.3672
21 12.3854
22 12.4037
23 12.4219
24 12.4401
25 12.4583
26 12.4765
27 12.4946
28 12.5128
29 12.5309
30 12.549
31 12.5671
32 12.5852
33 12.6032
34 12.6212
35 12.6392
36 12.6572
37 12.6751
38 12.693
39 12.7109
40 12.7288
41 12.7466
42 12.7645
43 12.7822
44 12.8
45 12.8177
46 12.8354
47 12.8531
48 12.8707
49 12.8883
50 12.9059
51 12.9234
52 12.9409
53 12.9583
54 12.9758
55 12.9931
56 13.0105
57 13.0278
58 13.0451
59 13.0623
60 13.0795
61 13.0966
62 13.1138
63 13.1308
64 13.1478
65 13.1648
66 13.1818
67 13.1987
68 13.2155
69 13.2323
70 13.2491
71 13.2658
72 13.2824
73 13.2991
74 13.3156
75 13.3321
76 13.3486
77 13.365
78 13.3814
79 13.3977
80 13.4139
81 13.4302
82 13.4463
83 13.4624
84 13.4784
85 13.4944
86 13.5104
87 13.5262
88 13.542
89 13.5578
90 13.5735
91 13.5891
92 13.6047
93 13.6202
94 13.6357
95 13.6511
96 13.6664
97 13.6817
98 13.6969
99 13.7121
100 13.7271
101 13.7422
102 13.7571
103 13.772
104 13.7868
105 13.8016
106 13.8162
107 13.8309
108 13.8454
109 13.8599
110 13.8743
111 13.8886
112 13.9029
113 13.9171
114 13.9312
115 13.9452
116 13.9592
117 13.9731
118 13.9869
119 14.0007
120 14.0144
121 14.028
122 14.0415
123 14.0549
124 14.0683
125 14.0816
126 14.0948
127 14.108
128 14.121
129 14.134
130 14.1469
131 14.1597
132 14.1724
133 14.1851
134 14.1976
135 14.2101
136 14.2225
137 14.2349
138 14.2471
139 14.2592
140 14.2713
141 14.2833
142 14.2952
143 14.307
144 14.3187
145 14.3303
146 14.3419
147 14.3534
148 14.3647
149 14.376
150 14.3872
151 14.3983
152 14.4093
153 14.4202
154 14.4311
155 14.4418
156 14.4524
157 14.463
158 14.4735
159 14.4838
160 14.4941
161 14.5043
162 14.5144
163 14.5244
164 14.5343
165 14.5441
166 14.5538
167 14.5634
168 14.5729
169 14.5823
170 14.5916
171 14.6008
172 14.61
173 14.619
174 14.6279
175 14.6367
176 14.6455
177 14.6541
178 14.6626
179 14.6711
180 14.6794
181 14.6876
182 14.6957
183 14.7038
184 14.7117
185 14.7195
186 14.7272
187 14.7349
188 14.7424
189 14.7498
190 14.7571
191 14.7643
192 14.7714
193 14.7784
194 14.7853
195 14.7921
196 14.7987
197 14.8053
198 14.8118
199 14.8181
200 14.8244
201 14.8305
202 14.8366
203 14.8425
204 14.8484
205 14.8541
206 14.8597
207 14.8652
208 14.8706
209 14.8759
210 14.8811
211 14.8862
212 14.8911
213 14.896
214 14.9007
215 14.9054
216 14.9099
217 14.9143
218 14.9186
219 14.9228
220 14.9269
221 14.9309
222 14.9348
223 14.9386
224 14.9422
225 14.9457
226 14.9492
227 14.9525
228 14.9557
229 14.9588
230 14.9618
231 14.9647
232 14.9674
233 14.9701
234 14.9726
235 14.975
236 14.9773
237 14.9795
238 14.9816
239 14.9836
240 14.9855
241 14.9872
242 14.9889
243 14.9904
244 14.9918
245 14.9931
246 14.9943
247 14.9954
248 14.9963
249 14.9972
250 14.9979
251 14.9986
252 14.9991
253 14.9995
254 14.9998
255 14.9999
256 15
257 14.9999
258 14.9998
259 14.9995
260 14.9991
261 14.9986
262 14.998
263 14.9973
264 14.9964
265 14.9955
266 14.9944
267 14.9932
268 14.9919
269 14.9905
270 14.989
271 14.9874
272 14.9856
273 14.9838
274 14.9818
275 14.9797
276 14.9776
277 14.9753
278 14.9728
279 14.9703
280 14.9677
281 14.9649
282 14.9621
283 14.9591
284 14.956
285 14.9528
286 14.9495
287 14.9461
288 14.9426
289 14.9389
290 14.9352
291 14.9313
292 14.9273
293 14.9232
294 14.9191
295 14.9148
296 14.9103
297 14.9058
298 14.9012
299 14.8965
300 14.8916
301 14.8866
302 14.8816
303 14.8764
304 14.8711
305 14.8657
306 14.8602
307 14.8546
308 14.8489
309 14.8431
310 14.8372
311 14.8311
312 14.825
313 14.8187
314 14.8124
315 14.8059
316 14.7994
317 14.7927
318 14.7859
319 14.779
320 14.7721
321 14.765
322 14.7578
323 14.7505
324 14.7431
325 14.7356
326 14.728
327 14.7203
328 14.7125
329 14.7045
330 14.6965
331 14.6884
332 14.6802
333 14.6719
334 14.6635
335 14.6549
336 14.6463
337 14.6376
338 14.6288
339 14.6199
340 14.6108
341 14.6017
342 14.5925
343 14.5832
344 14.5738
345 14.5643
346 14.5547
347 14.545
348 14.5352
349 14.5253
350 14.5153
351 14.5053
352 14.4951
353 14.4848
354 14.4745
355 14.464
356 14.4535
357 14.4428
358 14.4321
359 14.4213
360 14.4104
361 14.3994
362 14.3883
363 14.3771
364 14.3658
365 14.3545
366 14.343
367 14.3315
368 14.3198
369 14.3081
370 14.2963
371 14.2844
372 14.2725
373 14.2604
374 14.2483
375 14.236
376 14.2237
377 14.2113
378 14.1989
379 14.1863
380 14.1737
381 14.1609
382 14.1481
383 14.1352
384 14.1223
385 14.1092
386 14.0961
387 14.0829
388 14.0696
389 14.0562
390 14.0428
391 14.0293
392 14.0157
393 14.002
394 13.9883
395 13.9745
396 13.9606
397 13.9466
398 13.9326
399 13.9184
400 13.9043
401 13.89
402 13.8757
403 13.8613
404 13.8468
405 13.8323
406 13.8177
407 13.803
408 13.7882
409 13.7734
410 13.7585
411 13.7436
412 13.7286
413 13.7135
414 13.6984
415 13.6832
416 13.6679
417 13.6526
418 13.6372
419 13.6217
420 13.6062
421 13.5907
422 13.575
423 13.5593
424 13.5436
425 13.5278
426 13.5119
427 13.496
428 13.48
429 13.464
430 13.4479
431 13.4317
432 13.4155
433 13.3993
434 13.383
435 13.3666
436 13.3502
437 13.3337
438 13.3172
439 13.3007
440 13.284
441 13.2674
442 13.2507
443 13.2339
444 13.2171
445 13.2003
446 13.1834
447 13.1665
448 13.1495
449 13.1325
450 13.1154
451 13.0983
452 13.0811
453 13.064
454 13.0467
455 13.0295
456 13.0122
457 12.9948
458 12.9774
459 12.96
460 12.9426
461 12.9251
462 12.9075
463 12.89
464 12.8724
465 12.8548
466 12.8371
467 12.8194
468 12.8017
469 12.784
470 12.7662
471 12.7484
472 12.7305
473 12.7127
474 12.6948
475 12.6769
476 12.6589
477 12.6409
478 12.623
479 12.6049
480 12.5869
481 12.5688
482 12.5508
483 12.5327
484 12.5145
485 12.4964
486 12.4782
487 12.4601
488 12.4419
489 12.4237
490 12.4054
491 12.3872
492 12.3689
493 12.3507
494 12.3324
495 12.3141
496 12.2958
497 12.2774
498 12.2591
499 12.2408
500 12.2224
501 12.2041
502 12.1857
503 12.1673
504 12.149
505 12.1306
506 12.1122
507 12.0938
508 12.0754
509 12.057
510 12.0386
511 12.0202
512 12.0018
513 11.9834
514 11.965
515 11.9466
516 11.9282
517 11.9098
518 11.8914
519 11.873
520 11.8546
521 11.8362
522 11.8178
523 11.7995
524 11.7811
525 11.7628
526 11.7444
527 11.7261
528 11.7078
529 11.6895
530 11.6712
531 11.6529
532 11.6346
533 11.6163
534 11.5981
535 11.5799
536 11.5616
537 11.5435
538 11.5253
539 11.5071
540 11.489
541 11.4708
542 11.4527
543 11.4346
544 11.4166
545 11.3985
546 11.3805
547 11.3625
548 11.3446
549 11.3266
550 11.3087
551 11.2908
552 11.2729
553 11.2551
554 11.2373
555 11.2195
556 11.2017
557 11.184
558 11.1663
559 11.1486
560 11.131
561 11.1134
562 11.0958
563 11.0783
564 11.0608
565 11.0434
566 11.0259
567 11.0085
568 10.9912
569 10.9739
570 10.9566
571 10.9394
572 10.9222
573 10.905
574 10.8879
575 10.8708
576 10.8538
577 10.8368
578 10.8199
579 10.803
580 10.7861
581 10.7693
582 10.7525
583 10.7358
584 10.7192
585 10.7025
586 10.686
587 10.6695
588 10.653
589 10.6366
590 10.6202
591 10.6039
592 10.5876
593 10.5714
594 10.5553
595 10.5392
596 10.5231
597 10.5071
598 10.4912
599 10.4753
600 10.4595
601 10.4437
602 10.428
603 10.4124
604 10.3968
605 10.3813
606 10.3658
607 10.3504
608 10.335
609 10.3198
610 10.3046
611 10.2894
612 10.2743
613 10.2593
614 10.2443
615 10.2294
616 10.2146
617 10.1999
618 10.1852
619 10.1706
620 10.156
621 10.1415
622 10.1271
623 10.1128
624 10.0985
625 10.0843
626 10.0702
627 10.0561
628 10.0421
629 10.0282
630 10.0144
631 10.0006
632 9.98695
633 9.97334
634 9.95981
635 9.94636
636 9.93298
637 9.91968
638 9.90646
639 9.89331
640 9.88025
641 9.86727
642 9.85437
643 9.84154
644 9.8288
645 9.81614
646 9.80356
647 9.79107
648 9.77866
649 9.76633
650 9.75409
651 9.74193
652 9.72985
653 9.71786
654 9.70596
655 9.69414
656 9.68241
657 9.67077
658 9.65922
659 9.64775
660 9.63637
661 9.62508
662 9.61388
663 9.60277
664 9.59175
665 9.58082
666 9.56998
667 9.55924
668 9.54858
669 9.53802
670 9.52755
671 9.51717
672 9.50689
673 9.4967
674 9.4866
675 9.4766
676 9.4667
677 9.45689
678 9.44717
679 9.43755
680 9.42803
681 9.4186
682 9.40927
683 9.40004
684 9.39091
685 9.38188
686 9.37294
687 9.3641
688 9.35536
689 9.34672
690 9.33819
691 9.32975
692 9.32141
693 9.31317
694 9.30503
695 9.297
696 9.28907
697 9.28124
698 9.27351
699 9.26588
700 9.25836
701 9.25094
702 9.24362
703 9.23641
704 9.2293
705 9.22229
706 9.21539
707 9.2086
708 9.20191
709 9.19532
710 9.18884
711 9.18247
712 9.1762
713 9.17004
714 9.16399
715 9.15804
716 9.1522
717 9.14646
718 9.14084
719 9.13532
720 9.12991
721 9.1246
722 9.11941
723 9.11432
724 9.10934
725 9.10447
726 9.09971
727 9.09506
728 9.09052
729 9.08609
730 9.08177
731 9.07755
732 9.07345
733 9.06946
734 9.06558
735 9.06181
736 9.05814
737 9.05459
738 9.05115
739 9.04783
740 9.04461
741 9.0415
742 9.03851
743 9.03562
744 9.03285
745 9.03019
746 9.02764
747 9.02521
748 9.02288
749 9.02067
750 9.01857
751 9.01658
752 9.0147
753 9.01294
754 9.01129
755 9.00975
756 9.00832
757 9.00701
758 9.00581
759 9.00472
760 9.00374
761 9.00288
762 9.00213
763 9.00149
764 9.00097
765 9.00056
766 9.00026
767 9.00007
768 9
769 9.00004
770 9.00019
771 9.00046
772 9.00084
773 9.00133
774 9.00194
775 9.00265
776 9.00348
777 9.00443
778 9.00548
779 9.00665
780 9.00793
781 9.00932
782 9.01083
783 9.01245
784 9.01418
785 9.01602
786 9.01798
787 9.02005
788 9.02223
789 9.02452
790 9.02692
791 9.02944
792 9.03207
793 9.03481
794 9.03766
795 9.04062
796 9.0437
797 9.04688
798 9.05018
799 9.05359
800 9.0571
801 9.06073
802 9.06447
803 9.06832
804 9.07228
805 9.07635
806 9.08053
807 9.08483
808 9.08923
809 9.09374
810 9.09835
811 9.10308
812 9.10792
813 9.11287
814 9.11792
815 9.12309
816 9.12836
817 9.13374
818 9.13923
819 9.14482
820 9.15052
821 9.15633
822 9.16225
823 9.16827
824 9.17441
825 9.18064
826 9.18698
827 9.19343
828 9.19999
829 9.20665
830 9.21341
831 9.22028
832 9.22726
833 9.23434
834 9.24152
835 9.24881
836 9.2562
837 9.26369
838 9.27129
839 9.27898
840 9.28679
841 9.29469
842 9.3027
843 9.3108
844 9.31901
845 9.32732
846 9.33573
847 9.34424
848 9.35285
849 9.36156
850 9.37037
851 9.37928
852 9.38828
853 9.39739
854 9.40659
855 9.41589
856 9.42529
857 9.43478
858 9.44437
859 9.45406
860 9.46384
861 9.47372
862 9.48369
863 9.49376
864 9.50393
865 9.51418
866 9.52453
867 9.53498
868 9.54551
869 9.55614
870 9.56686
871 9.57767
872 9.58857
873 9.59957
874 9.61065
875 9.62183
876 9.63309
877 9.64444
878 9.65588
879 9.66741
880 9.67903
881 9.69074
882 9.70253
883 9.71441
884 9.72637
885 9.73842
886 9.75055
887 9.76277
888 9.77508
889 9.78746
890 9.79993
891 9.81249
892 9.82512
893 9.83784
894 9.85064
895 9.86352
896 9.87648
897 9.88952
898 9.90264
899 9.91584
900 9.92912
901 9.94247
902 9.9559
903 9.96941
904 9.983
905 9.99666
906 10.0104
907 10.0242
908 10.0381
909 10.0521
910 10.0661
911 10.0802
912 10.0944
913 10.1086
914 10.1229
915 10.1373
916 10.1518
917 10.1663
918 10.1809
919 10.1956
920 10.2103
921 10.2251
922 10.24
923 10.2549
924 10.27
925 10.285
926 10.3002
927 10.3154
928 10.3306
929 10.3459
930 10.3613
931 10.3768
932 10.3923
933 10.4078
934 10.4235
935 10.4392
936 10.4549
937 10.4707
938 10.4866
939 10.5025
940 10.5185
941 10.5345
942 10.5506
943 10.5667
944 10.5829
945 10.5992
946 10.6155
947 10.6318
948 10.6482
949 10.6647
950 10.6812
951 10.6977
952 10.7143
953 10.731
954 10.7477
955 10.7644
956 10.7812
957 10.7981
958 10.815
959 10.8319
960 10.8489
961 10.8659
962 10.8829
963 10.9
964 10.9172
965 10.9344
966 10.9516
967 10.9689
968 10.9862
969 11.0035
970 11.0209
971 11.0383
972 11.0558
973 11.0732
974 11.0908
975 11.1083
976 11.1259
977 11.1435
978 11.1612
979 11.1789
980 11.1966
981 11.2143
982 11.2321
983 11.2499
984 11.2677
985 11.2856
986 11.3035
987 11.3214
988 11.3393
989 11.3573
990 11.3753
991 11.3933
992 11.4114
993 11.4294
994 11.4475
995 11.4656
996 11.4837
997 11.5018
998 11.52
999 11.5382
1000 11.5564
1001 11.5746
1002 11.5928
1003 11.6111
1004 11.6293
1005 11.6476
1006 11.6659
1007 11.6842
1008 11.7025
1009 11.7208
1010 11.7391
1011 11.7575
1012 11.7758
1013 11.7942
1014 11.8125
1015 11.8309
1016 11.8493
1017 11.8677
1018 11.886
1019 11.9044
1020 11.9228
1021 11.9412
1022 11.9596
1023 11.978
