30.2.1966
1024 4
27.6
0 12
1 12.0184
2 12.0368
3 12.0552
4 12.0736
5 12.092
6 12.1104
7 12.1288
8 12.1472
9 12.1656
10 12.1839
11 12.2023
12 12.2207
13 12.239
14 12.2573
15 12.2757
16 12.294
17 12.3123
18 12.3306
19 12.3489
20 12.3672
21 12.3854
22 12.4037
23 12.4219
24 12.4401
25 12.4583
26 12.4765
27 12.4946
28 12.5128
29 12.5309
30 12.549
31 12.5671
32 12.5852
33 12.6032
34 12.6212
35 12.6392
36 12.6572
37 12.6751
38 12.693
39 12.7109
40 12.7288
41 12.7466
42 12.7645
43 12.7822
44 12.8
45 12.8177
46 12.8354
47 12.8531
48 12.8707
49 12.8883
50 12.9059
51 12.9234
52 12.9409
53 12.9583
54 12.9758
55 12.9931
56 13.0105
57 13.0278
58 13.0451
59 13.0623
60 13.0795
61 13.0966
62 13.1138
63 13.1308
64 13.1478
65 13.1648
66 13.1818
67 13.1987
68 13.2155
69 13.2323
70 13.2491
71 13.2658
72 13.2824
73 13.2991
74 13.3156
75 13.3321
76 13.3486
77 13.365
78 13.3814
79 13.3977
80 13.4139
81 13.4302
82 13.4463
83 13.4624
84 13.4784
85 13.4944
86 13.5104
87 13.5262
88 13.542
89 13.5578
90 13.5735
91 13.5891
92 13.6047
93 13.6202
94 13.6357
95 13.6511
96 13.6664
97 13.6817
98 13.6969
99 13.7121
100 13.7271
101 13.7422
102 13.7571
103 13.772
104 13.7868
105 13.8016
106 13.8162
107 13.8309
108 13.8454
109 13.8599
110 13.8743
111 13.8886
112 13.9029
113 13.9171
114 13.9312
115 13.9452
116 13.9592
117 13.9731
118 13.9869
119 14.0007
120 14.0144
121 14.028
122 14.0415
123 14.0549
124 14.0683
125 14.0816
126 14.0948
127 14.108
128 14.121
129 14.134
130 14.1469
131 14.1597
132 14.1724
133 14.1851
134 14.1976
135 14.2101
136 14.2225
137 14.2349
138 14.2471
139 14.2592
140 14.2713
141 14.2833
142 14.2952
143 14.307
144 14.3187
145 14.3303
146 14.3419
147 14.3534
148 14.3647
149 14.376
150 14.3872
151 14.3983
152 14.4093
153 14.4202
154 14.4311
155 14.4418
156 14.4524
157 14.463
158 14.4735
159 14.4838
160 14.4941
161 14.5043
162 14.5144
163 14.5244
164 14.5343
165 14.5441
166 14.5538
167 14.5634
168 14.5729
169 14.5823
170 14.5916
171 14.6008
172 14.61
173 14.619
174 14.6279
175 14.6367
176 14.6455
177 14.6541
178 14.6626
179 14.6711
180 14.6794
181 14.6876
182 14.6957
183 14.7038
184 14.7117
185 14.7195
186 14.7272
187 14.7349
188 14.7424
189 14.7498
190 14.7571
191 14.7643
192 14.7714
193 14.7784
194 14.7853
195 14.7921
196 14.7987
197 14.8053
198 14.8118
199 14.8181
200 14.8244
201 14.8305
202 14.8366
203 14.8425
204 14.8484
205 14.8541
206 14.8597
207 14.8652
208 14.8706
209 14.8759
210 14.8811
211 14.8862
212 14.8911
213 14.896
214 14.9007
215 14.9054
216 14.9099
217 14.9143
218 14.9186
219 14.9228
220 14.9269
221 14.9309
222 14.9348
223 14.9386
224 14.9422
225 14.9457
226 14.9492
227 14.9525
228 14.9557
229 14.9588
230 14.9618
231 14.9647
232 14.9674
233 14.9701
234 14.9726
235 14.975
236 14.9773
237 14.9795
238 14.9816
239 14.9836
240 14.9855
241 14.9872
242 14.9889
243 14.9904
244 14.9918
245 14.9931
246 14.9943
247 14.9954
248 14.9963
249 14.9972
250 14.9979
251 14.9986
252 14.9991
253 14.9995
254 14.9998
255 14.9999
256 15
257 14.9999
258 14.9998
259 14.9995
260 14.9991
261 14.9986
262 14.998
263 14.9973
264 14.9964
265 14.9955
266 14.9944
267 14.9932
268 14.9919
269 14.9905
270 14.989
271 14.9874
272 14.9856
273 14.9838
274 14.9818
275 14.9797
276 14.9776
277 14.9753
278 14.9728
279 14.9703
280 14.9677
281 14.9649
282 14.9621
283 14.9591
284 14.956
285 14.9528
286 14.9495
287 14.9461
288 14.9426
289 14.9389
290 14.9352
291 14.9313
292 14.9273
293 14.9232
294 14.9191
295 14.9148
296 14.9103
297 14.9058
298 14.9012
299 14.8965
300 14.8916
301 14.8866
302 14.8816
303 14.8764
304 14.8711
305 14.8657
306 14.8602
307 14.8546
308 14.8489
309 14.8431
310 14.8372
311 14.8311
312 14.825
313 14.8187
314 14.8124
315 14.8059
316 14.7994
317 14.7927
318 14.7859
319 14.779
320 14.7721
321 14.765
322 14.7578
323 14.7505
324 14.7431
325 14.7356
326 14.728
327 14.7203
328 14.7125
329 14.7045
330 14.6965
331 14.6884
332 14.6802
333 14.6719
334 14.6635
335 14.6549
336 14.6463
337 14.6376
338 14.6288
339 14.6199
340 14.6108
341 14.6017
342 14.5925
343 14.5832
344 14.5738
345 14.5643
346 14.5547
347 14.545
348 14.5352
349 14.5253
350 14.5153
351 14.5053
352 14.4951
353 14.4848
354 14.4745
355 14.464
356 14.4535
357 14.4428
358 14.4321
359 14.4213
360 14.4104
361 14.3994
362 14.3883
363 14.3771
364 14.3658
365 14.3545
366 14.343
367 14.3315
368 14.3198
369 14.3081
370 14.2963
371 14.2844
372 14.2725
373 14.2604
374 14.2483
375 14.236
376 14.2237
377 14.2113
378 14.1989
379 14.1863
380 14.1737
381 14.1609
382 14.1481
383 14.1352
384 14.1223
385 14.1092
386 14.0961
387 14.0829
388 14.0696
389 14.0562
390 14.0428
391 14.0293
392 14.0157
393 14.002
394 13.9883
395 13.9745
396 13.9606
397 13.9466
398 13.9326
399 13.9184
400 13.9043
401 13.89
402 13.8757
403 13.8613
404 13.8468
405 13.8323
406 13.8177
407 13.803
408 13.7882
409 13.7734
410 13.7585
411 13.7436
412 13.7286
413 13.7135
414 13.6984
415 13.6832
416 13.6679
417 13.6526
418 13.6372
419 13.6217
420 13.6062
421 13.5907
422 13.575
423 13.5593
424 13.5436
425 13.5278
426 13.5119
427 13.496
428 13.48
429 13.464
430 13.4479
431 13.4317
432 13.4155
433 13.3993
434 13.383
435 13.3666
436 13.3502
437 13.3337
438 13.3172
439 13.3007
440 13.284
441 13.2674
442 13.2507
443 13.2339
444 13.2171
445 13.2003
446 13.1834
447 13.1665
448 13.1495
449 13.1325
450 13.1154
451 13.0983
452 13.0811
453 13.064
454 13.0467
455 13.0295
456 13.0122
457 12.9948
458 12.9774
459 12.96
460 12.9426
461 12.9251
462 12.9075
463 12.89
464 12.8724
465 12.8548
466 12.8371
467 12.8194
468 12.8017
469 12.784
470 12.7662
471 12.7484
472 12.7305
473 12.7127
474 12.6948
475 12.6769
476 12.6589
477 12.6409
478 12.623
479 12.6049
480 12.5869
481 12.5688
482 12.5508
483 12.5327
484 12.5145
485 12.4964
486 12.4782
487 12.4601
488 12.4419
489 12.4237
490 12.4054
491 12.3872
492 12.3689
493 12.3507
494 12.3324
495 12.3141
496 12.2958
497 12.2774
498 12.2591
499 12.2408
500 12.2224
501 12.2041
502 12.1857
503 12.1673
504 12.149
505 12.1306
506 12.1122
507 12.0938
508 12.0754
509 12.057
510 12.0386
511 12.0202
512 12.0018
513 11.9834
514 11.965
515 11.9466
516 11.9282
517 11.9098
518 11.8914
519 11.873
520 11.8546
521 11.8362
522 11.8178
523 11.7995
524 11.7811
525 11.7628
526 11.7444
527 11.7261
528 11.7078
529 11.6895
530 11.6712
531 11.6529
532 11.6346
533 11.6163
534 11.5981
535 11.5799
536 11.5616
537 11.5435
538 11.5253
539 11.5071
540 11.489
541 11.4708
542 11.4527
543 11.4346
544 11.4166
545 11.3985
546 11.3805
547 11.3625
548 11.3446
549 11.3266
550 11.3087
551 11.2908
552 11.2729
553 11.2551
554 11.2373
555 11.2195
556 11.2017
557 11.184
558 11.1663
559 11.1486
560 11.131
561 11.1134
562 11.0958
563 11.0783
564 11.0608
565 11.0434
566 11.0259
567 11.0085
568 10.9912
569 10.9739
570 10.9566
571 10.9394
572 10.9222
573 10.905
574 10.8879
575 10.8708
576 10.8538
577 10.8368
578 10.8199
579 10.803
580 10.7861
581 10.7693
582 10.7525
583 10.7358
584 10.7192
585 10.7025
586 10.686
587 10.6695
588 10.653
589 10.6366
590 10.6202
591 10.6039
592 10.5876
593 10.5714
594 10.5553
595 10.5392
596 10.5231
597 10.5071
598 10.4912
599 10.4753
600 10.4595
601 10.4437
602 10.428
603 10.4124
604 10.3968
605 10.3813
606 10.3658
607 10.3504
608 10.335
609 10.3198
610 10.3046
611 10.2894
612 10.2743
613 10.2593
614 10.2443
615 10.2294
616 10.2146
617 10.1999
618 10.1852
619 10.1706
620 10.156
621 10.1415
622 10.1271
623 10.1128
624 10.0985
625 10.0843
626 10.0702
627 10.0561
628 10.0421
629 10.0282
630 10.0144
631 10.0006
632 9.98695
633 9.97334
634 9.95981
635 9.94636
636 9.93298
637 9.91968
638 9.90646
639 9.89331
640 9.88025
641 9.86727
642 9.85437
643 9.84154
644 9.8288
645 9.81614
646 9.80356
647 9.79107
648 9.77866
649 9.76633
650 9.75409
651 9.74193
652 9.72985
653 9.71786
654 9.70596
655 9.69414
656 9.68241
657 9.67077
658 9.65922
659 9.64775
660 9.63637
661 9.62508
662 9.61388
663 9.60277
664 9.59175
665 9.58082
666 9.56998
667 9.55924
668 9.54858
669 9.53802
670 9.52755
671 9.51717
672 9.50689
673 9.4967
674 9.4866
675 9.4766
676 9.4667
677 9.45689
678 9.44717
679 9.43755
680 9.42803
681 9.4186
682 9.40927
683 9.40004
684 9.39091
685 9.38188
686 9.37294
687 9.3641
688 9.35536
689 9.34672
690 9.33819
691 9.32975
692 9.32141
693 9.31317
694 9.30503
695 9.297
696 9.28907
697 9.28124
698 9.27351
699 9.26588
700 9.25836
701 9.25094
702 9.24362
703 9.23641
704 9.2293
705 9.22229
706 9.21539
707 9.2086
708 9.20191
709 9.19532
710 9.18884
711 9.18247
712 9.1762
713 9.17004
714 9.16399
715 9.15804
716 9.1522
717 9.14646
718 9.14084
719 9.13532
720 9.12991
721 9.1246
722 9.11941
723 9.11432
724 9.10934
725 9.10447
726 9.09971
727 9.09506
728 9.09052
729 9.08609
730 9.08177
731 9.07755
732 9.07345
733 9.06946
734 9.06558
735 9.06181
736 9.05814
737 9.05459
738 9.05115
739 9.04783
740 9.04461
741 9.0415
742 9.03851
743 9.03562
744 9.03285
745 9.03019
746 9.02764
747 9.02521
748 9.02288
749 9.02067
750 9.01857
751 9.01658
752 9.0147
753 9.01294
754 9.01129
755 9.00975
756 9.00832
757 9.00701
758 9.00581
759 9.00472
760 9.00374
761 9.00288
762 9.00213
763 9.00149
764 9.00097
765 9.00056
766 9.00026
767 9.00007
768 9
769 9.00004
770 9.00019
771 9.00046
772 9.00084
773 9.00133
774 9.00194
775 9.00265
776 9.00348
777 9.00443
778 9.00548
779 9.00665
780 9.00793
781 9.00932
782 9.01083
783 9.01245
784 9.01418
785 9.01602
786 9.01798
787 9.02005
788 9.02223
789 9.02452
790 9.02692
791 9.02944
792 9.03207
793 9.03481
794 9.03766
795 9.04062
796 9.0437
797 9.04688
798 9.05018
799 9.05359
800 9.0571
801 9.06073
802 9.06447
803 9.06832
804 9.07228
805 9.07635
806 9.08053
807 9.08483
808 9.08923
809 9.09374
810 9.09835
811 9.10308
812 9.10792
813 9.11287
814 9.11792
815 9.12309
816 9.12836
817 9.13374
818 9.13923
819 9.14482
820 9.15052
821 9.15633
822 9.16225
823 9.16827
824 9.17441
825 9.18064
826 9.18698
827 9.19343
828 9.19999
829 9.20665
830 9.21341
831 9.22028
832 9.22726
833 9.23434
834 9.24152
835 9.24881
836 9.2562
837 9.26369
838 9.27129
839 9.27898
840 9.28679
841 9.29469
842 9.3027
843 9.3108
844 9.31901
845 9.32732
846 9.33573
847 9.34424
848 9.35285
849 9.36156
850 9.37037
851 9.37928
852 9.38828
853 9.39739
854 9.40659
855 9.41589
856 9.42529
857 9.43478
858 9.44437
859 9.45406
860 9.46384
861 9.47372
862 9.48369
863 9.49376
864 9.50393
865 9.51418
866 9.52453
867 9.53498
868 9.54551
869 9.55614
870 9.56686
871 9.57767
872 9.58857
873 9.59957
874 9.61065
875 9.62183
876 9.63309
877 9.64444
878 9.65588
879 9.66741
880 9.67903
881 9.69074
882 9.70253
883 9.71441
884 9.72637
885 9.73842
886 9.75055
887 9.76277
888 9.77508
889 9.78746
890 9.79993
891 9.81249
892 9.82512
893 9.83784
894 9.85064
895 9.86352
896 9.87648
897 9.88952
898 9.90264
899 9.91584
900 9.92912
901 9.94247
902 9.9559
903 9.96941
904 9.983
905 9.99666
906 10.0104
907 10.0242
908 10.0381
909 10.0521
910 10.0661
911 10.0802
912 10.0944
913 10.1086
914 10.1229
915 10.1373
916 10.1518
917 10.1663
918 10.1809
919 10.1956
920 10.2103
921 10.2251
922 10.24
923 10.2549
924 10.27
925 10.285
926 10.3002
927 10.3154
928 10.3306
929 10.3459
930 10.3613
931 10.3768
932 10.3923
933 10.4078
934 10.4235
935 10.4392
936 10.4549
937 10.4707
938 10.4866
939 10.5025
940 10.5185
941 10.5345
942 10.5506
943 10.5667
944 10.5829
945 10.5992
946 10.6155
947 10.6318
948 10.6482
949 10.6647
950 10.6812
951 10.6977
952 10.7143
953 10.731
954 10.7477
955 10.7644
956 10.7812
957 10.7981
958 10.815
959 10.8319
960 10.8489
961 10.8659
962 10.8829
963 10.9
964 10.9172
965 10.9344
966 10.9516
967 10.9689
968 10.9862
969 11.0035
970 11.0209
971 11.0383
972 11.0558
973 11.0732
974 11.0908
975 11.1083
976 11.1259
977 11.1435
978 11.1612
979 11.1789
980 11.1966
981 11.2143
982 11.2321
983 11.2499
984 11.2677
985 11.2856
986 11.3035
987 11.3214
988 11.3393
989 11.3573
990 11.3753
991 11.3933
992 11.4114
993 11.4294
994 11.4475
995 11.4656
996 11.4837
997 11.5018
998 11.52
999 11.5382
1000 11.5564
1001 11.5746
1002 11.5928
1003 11.6111
1004 11.6293
1005 11.6476
1006 11.6659
1007 11.6842
1008 11.7025
1009 11.7208
1010 11.7391
1011 11.7575
1012 11.7758
1013 11.7942
1014 11.8125
1015 11.8309
1016 11.8493
1017 11.8677
1018 11.886
1019 11.9044
1020 11.9228
1021 11.9412
1022 11.9596
1023 11.978
31.728
0 26
2 25.9988
4 25.9953
6 25.9893
8 25.981
10 25.9704
12 25.9574
14 25.942
16 25.9243
18 25.9042
20 25.8818
22 25.857
24 25.83
26 25.8006
28 25.7689
30 25.7349
32 25.6987
34 25.6602
36 25.6194
38 25.5764
40 25.5311
42 25.4837
44 25.434
46 25.3822
48 25.3282
50 25.272
52 25.2138
54 25.1534
56 25.0909
58 25.0264
60 24.9599
62 24.8913
64 24.8207
66 24.7482
68 24.6737
70 24.5973
72 24.519
74 24.4388
76 24.3568
78 24.2729
80 24.1873
82 24.0999
84 24.0108
86 23.92
88 23.8276
90 23.7335
92 23.6377
94 23.5405
96 23.4417
98 23.3413
100 23.2395
102 23.1363
104 23.0317
106 22.9257
108 22.8184
110 22.7098
112 22.5999
114 22.4888
116 22.3765
118 22.2631
120 22.1486
122 22.033
124 21.9164
126 21.7988
128 21.6802
130 21.5608
132 21.4404
134 21.3193
136 21.1973
138 21.0747
140 20.9513
142 20.8272
144 20.7026
146 20.5773
148 20.4515
150 20.3253
152 20.1986
154 20.0714
156 19.9439
158 19.8161
160 19.6881
162 19.5597
164 19.4312
166 19.3026
168 19.1738
170 19.045
172 18.9162
174 18.7874
176 18.6587
178 18.5301
180 18.4016
182 18.2733
184 18.1453
186 18.0176
188 17.8902
190 17.7632
192 17.6367
194 17.5105
196 17.3849
198 17.2598
200 17.1354
202 17.0115
204 16.8883
206 16.7659
208 16.6442
210 16.5232
212 16.4032
214 16.284
216 16.1657
218 16.0484
220 15.9321
222 15.8168
224 15.7026
226 15.5895
228 15.4776
230 15.3669
232 15.2574
234 15.1492
236 15.0422
238 14.9367
240 14.8324
242 14.7297
244 14.6283
246 14.5284
248 14.4301
250 14.3333
252 14.238
254 14.1444
256 14.0525
258 13.9622
260 13.8736
262 13.7867
264 13.7016
266 13.6183
268 13.5369
270 13.4573
272 13.3795
274 13.3037
276 13.2298
278 13.1578
280 13.0878
282 13.0199
284 12.9539
286 12.89
288 12.8282
290 12.7685
292 12.7108
294 12.6553
296 12.602
298 12.5508
300 12.5018
302 12.455
304 12.4104
306 12.3681
308 12.328
310 12.2901
312 12.2546
314 12.2213
316 12.1903
318 12.1616
320 12.1353
322 12.1112
324 12.0895
326 12.0702
328 12.0531
330 12.0385
332 12.0262
334 12.0162
336 12.0086
338 12.0034
340 12.0006
342 12.0001
344 12.002
346 12.0063
348 12.0129
350 12.0219
352 12.0333
354 12.047
356 12.0631
358 12.0815
360 12.1023
362 12.1254
364 12.1509
366 12.1786
368 12.2087
370 12.2411
372 12.2757
374 12.3127
376 12.3519
378 12.3933
380 12.437
382 12.4829
384 12.5311
386 12.5814
388 12.6339
390 12.6885
392 12.7453
394 12.8042
396 12.8652
398 12.9283
400 12.9934
402 13.0606
404 13.1298
406 13.2009
408 13.2741
410 13.3491
412 13.4261
414 13.505
416 13.5857
418 13.6683
420 13.7527
422 13.8388
424 13.9267
426 14.0163
428 14.1076
430 14.2006
432 14.2952
434 14.3914
436 14.4891
438 14.5884
440 14.6892
442 14.7914
444 14.895
446 15.0001
448 15.1065
450 15.2142
452 15.3232
454 15.4334
456 15.5449
458 15.6575
460 15.7713
462 15.8861
464 16.002
466 16.1189
468 16.2368
470 16.3557
472 16.4754
474 16.596
476 16.7174
478 16.8395
480 16.9624
482 17.086
484 17.2103
486 17.3351
488 17.4605
490 17.5864
492 17.7128
494 17.8397
496 17.9669
498 18.0945
500 18.2224
502 18.3506
504 18.4789
506 18.6075
508 18.7362
510 18.865
512 18.9938
514 19.1226
516 19.2514
518 19.3801
520 19.5086
522 19.637
524 19.7652
526 19.8931
528 20.0208
530 20.148
532 20.2749
534 20.4014
536 20.5274
538 20.6528
540 20.7777
542 20.902
544 21.0257
546 21.1486
548 21.2709
550 21.3923
552 21.513
554 21.6328
556 21.7517
558 21.8697
560 21.9867
562 22.1027
564 22.2177
566 22.3315
568 22.4443
570 22.5558
572 22.6662
574 22.7753
576 22.8832
578 22.9897
580 23.0949
582 23.1987
584 23.301
586 23.4019
588 23.5014
590 23.5992
592 23.6956
594 23.7903
596 23.8834
598 23.9749
600 24.0647
602 24.1528
604 24.2391
606 24.3236
608 24.4064
610 24.4873
612 24.5664
614 24.6435
616 24.7188
618 24.7921
620 24.8635
622 24.9328
624 25.0002
626 25.0655
628 25.1288
630 25.19
632 25.2491
634 25.3061
636 25.361
638 25.4137
640 25.4642
642 25.5125
644 25.5586
646 25.6026
648 25.6442
650 25.6836
652 25.7208
654 25.7557
656 25.7883
658 25.8186
660 25.8466
662 25.8722
664 25.8956
666 25.9166
668 25.9352
670 25.9515
672 25.9655
674 25.9771
676 25.9863
678 25.9932
680 25.9977
682 25.9998
684 25.9996
686 25.997
688 25.992
690 25.9846
692 25.9749
694 25.9628
696 25.9484
698 25.9316
700 25.9125
702 25.891
704 25.8672
706 25.841
708 25.8126
710 25.7818
712 25.7487
714 25.7134
716 25.6758
718 25.6359
720 25.5938
722 25.5494
724 25.5028
726 25.454
728 25.403
730 25.3499
732 25.2946
734 25.2372
736 25.1777
738 25.116
740 25.0523
742 24.9866
744 24.9188
746 24.849
748 24.7773
750 24.7035
752 24.6279
754 24.5503
756 24.4709
758 24.3896
760 24.3065
762 24.2216
764 24.1349
766 24.0465
768 23.9563
770 23.8645
772 23.7711
774 23.676
776 23.5793
778 23.4811
780 23.3814
782 23.2802
784 23.1775
786 23.0735
788 22.968
790 22.8612
792 22.7531
794 22.6437
796 22.5331
798 22.4213
800 22.3083
802 22.1943
804 22.0791
806 21.9629
808 21.8457
810 21.7275
812 21.6084
814 21.4884
816 21.3676
818 21.2459
820 21.1235
822 21.0004
824 20.8766
826 20.7522
828 20.6272
830 20.5016
832 20.3755
834 20.249
836 20.122
838 19.9947
840 19.867
842 19.739
844 19.6108
846 19.4824
848 19.3538
850 19.225
852 19.0963
854 18.9674
856 18.8386
858 18.7099
860 18.5812
862 18.4527
864 18.3243
866 18.1962
868 18.0684
870 17.9409
872 17.8137
874 17.687
876 17.5606
878 17.4348
880 17.3095
882 17.1848
884 17.0607
886 16.9372
888 16.8145
890 16.6925
892 16.5712
894 16.4508
896 16.3313
898 16.2126
900 16.0949
902 15.9782
904 15.8625
906 15.7479
908 15.6344
910 15.522
912 15.4108
914 15.3008
916 15.1921
918 15.0846
920 14.9785
922 14.8737
924 14.7704
926 14.6684
928 14.568
930 14.469
932 14.3716
934 14.2757
936 14.1815
938 14.0888
940 13.9979
942 13.9086
944 13.8211
946 13.7353
948 13.6513
950 13.5691
952 13.4887
954 13.4102
956 13.3336
958 13.2589
960 13.1862
962 13.1154
964 13.0467
966 12.9799
968 12.9152
970 12.8525
972 12.792
974 12.7335
976 12.6772
978 12.623
980 12.5709
982 12.521
984 12.4734
986 12.4279
988 12.3847
990 12.3437
992 12.3049
994 12.2685
996 12.2343
998 12.2024
1000 12.1728
1002 12.1455
1004 12.1205
1006 12.0979
1008 12.0776
1010 12.0596
1012 12.044
1014 12.0308
1016 12.0199
1018 12.0114
1020 12.0052
1022 12.0014
1024 12
1026 12.001
1028 12.0043
1030 12.01
1032 12.0181
1034 12.0285
1036 12.0413
1038 12.0564
1040 12.0739
1042 12.0938
1044 12.116
1046 12.1405
1048 12.1673
1050 12.1965
1052 12.2279
1054 12.2617
1056 12.2977
1058 12.336
1060 12.3766
1062 12.4194
1064 12.4644
1066 12.5117
1068 12.5611
1070 12.6127
1072 12.6665
1074 12.7224
1076 12.7805
1078 12.8407
1080 12.9029
1082 12.9673
1084 13.0336
1086 13.102
1088 13.1724
1090 13.2447
1092 13.319
1094 13.3953
1096 13.4734
1098 13.5534
1100 13.6352
1102 13.7189
1104 13.8043
1106 13.8915
1108 13.9805
1110 14.0711
1112 14.1634
1114 14.2574
1116 14.3529
1118 14.4501
1120 14.5487
1122 14.6489
1124 14.7506
1126 14.8536
1128 14.9581
1130 15.064
1132 15.1712
1134 15.2797
1136 15.3894
1138 15.5004
1140 15.6126
1142 15.7259
1144 15.8403
1146 15.9558
1148 16.0723
1150 16.1898
1152 16.3083
1154 16.4277
1156 16.5479
1158 16.669
1160 16.7908
1162 16.9135
1164 17.0368
1166 17.1608
1168 17.2854
1170 17.4106
1172 17.5363
1174 17.6625
1176 17.7892
1178 17.9163
1180 18.0437
1182 18.1715
1184 18.2996
1186 18.4279
1188 18.5563
1190 18.685
1192 18.8137
1194 18.9425
1196 19.0714
1198 19.2002
1200 19.3289
1202 19.4575
1204 19.586
1206 19.7143
1208 19.8423
1210 19.97
1212 20.0975
1214 20.2245
1216 20.3511
1218 20.4773
1220 20.603
1222 20.7281
1224 20.8526
1226 20.9766
1228 21.0998
1230 21.2223
1232 21.3441
1234 21.4651
1236 21.5853
1238 21.7045
1240 21.8229
1242 21.9403
1244 22.0567
1246 22.1721
1248 22.2864
1250 22.3996
1252 22.5116
1254 22.6225
1256 22.7321
1258 22.8404
1260 22.9475
1262 23.0532
1264 23.1575
1266 23.2605
1268 23.362
1270 23.462
1272 23.5605
1274 23.6575
1276 23.7528
1278 23.8466
1280 23.9387
1282 24.0292
1284 24.1179
1286 24.205
1288 24.2902
1290 24.3737
1292 24.4553
1294 24.5351
1296 24.6131
1298 24.6891
1300 24.7632
1302 24.8353
1304 24.9055
1306 24.9736
1308 25.0398
1310 25.1039
1312 25.1659
1314 25.2259
1316 25.2837
1318 25.3394
1320 25.393
1322 25.4443
1324 25.4936
1326 25.5406
1328 25.5854
1330 25.6279
1332 25.6682
1334 25.7063
1336 25.7421
1338 25.7756
1340 25.8068
1342 25.8357
1344 25.8623
1346 25.8866
1348 25.9085
1350 25.9281
1352 25.9453
1354 25.9602
1356 25.9728
1358 25.9829
1360 25.9907
1362 25.9962
1364 25.9992
1366 26
1368 25.9983
1370 25.9942
1372 25.9878
1374 25.9791
1376 25.9679
1378 25.9544
1380 25.9386
1382 25.9203
1384 25.8998
1386 25.8769
1388 25.8517
1390 25.8242
1392 25.7943
1394 25.7622
1396 25.7277
1398 25.691
1400 25.652
1402 25.6108
1404 25.5673
1406 25.5216
1408 25.4737
1410 25.4236
1412 25.3713
1414 25.3169
1416 25.2603
1418 25.2016
1420 25.1408
1422 25.0779
1424 25.013
1426 24.946
1428 24.877
1430 24.806
1432 24.7331
1434 24.6582
1436 24.5814
1438 24.5027
1440 24.4222
1442 24.3398
1444 24.2556
1446 24.1696
1448 24.0818
1450 23.9924
1452 23.9012
1454 23.8084
1456 23.714
1458 23.618
1460 23.5204
1462 23.4213
1464 23.3206
1466 23.2185
1468 23.115
1470 23.0101
1472 22.9039
1474 22.7963
1476 22.6874
1478 22.5773
1480 22.4659
1482 22.3534
1484 22.2398
1486 22.125
1488 22.0092
1490 21.8924
1492 21.7746
1494 21.6559
1496 21.5362
1498 21.4157
1500 21.2944
1502 21.1723
1504 21.0495
1506 20.926
1508 20.8018
1510 20.677
1512 20.5516
1514 20.4258
1516 20.2994
1518 20.1726
1520 20.0454
1522 19.9178
1524 19.79
1526 19.6618
1528 19.5335
1530 19.4049
1532 19.2763
1534 19.1475
1536 19.0187
1538 18.8898
1540 18.7611
1542 18.6323
1544 18.5038
1546 18.3754
1548 18.2471
1550 18.1192
1552 17.9915
1554 17.8642
1556 17.7373
1558 17.6108
1560 17.4848
1562 17.3593
1564 17.2343
1566 17.11
1568 16.9863
1570 16.8632
1572 16.7409
1574 16.6194
1576 16.4986
1578 16.3787
1580 16.2597
1582 16.1416
1584 16.0245
1586 15.9084
1588 15.7934
1590 15.6794
1592 15.5666
1594 15.4549
1596 15.3444
1598 15.2352
1600 15.1272
1602 15.0205
1604 14.9152
1606 14.8113
1608 14.7088
1610 14.6078
1612 14.5082
1614 14.4101
1616 14.3137
1618 14.2188
1620 14.1255
1622 14.0338
1624 13.9439
1626 13.8557
1628 13.7692
1630 13.6845
1632 13.6015
1634 13.5204
1636 13.4412
1638 13.3639
1640 13.2884
1642 13.2149
1644 13.1433
1646 13.0738
1648 13.0062
1650 12.9407
1652 12.8772
1654 12.8158
1656 12.7565
1658 12.6993
1660 12.6443
1662 12.5913
1664 12.5406
1666 12.4921
1668 12.4457
1670 12.4016
1672 12.3597
1674 12.3201
1676 12.2827
1678 12.2476
1680 12.2148
1682 12.1843
1684 12.156
1686 12.1302
1688 12.1066
1690 12.0854
1692 12.0665
1694 12.0499
1696 12.0358
1698 12.0239
1700 12.0145
1702 12.0074
1704 12.0026
1706 12.0003
1708 12.0003
1710 12.0027
1712 12.0074
1714 12.0146
1716 12.0241
1718 12.0359
1720 12.0501
1722 12.0667
1724 12.0856
1726 12.1068
1728 12.1304
1730 12.1564
1732 12.1846
1734 12.2151
1736 12.248
1738 12.2831
1740 12.3205
1742 12.3602
1744 12.4021
1746 12.4462
1748 12.4926
1750 12.5412
1752 12.5919
1754 12.6449
1756 12.6999
1758 12.7572
1760 12.8165
1762 12.8779
1764 12.9414
1766 13.007
1768 13.0746
1770 13.1441
1772 13.2157
1774 13.2892
1776 13.3647
1778 13.4421
1780 13.5213
1782 13.6025
1784 13.6854
1786 13.7701
1788 13.8567
1790 13.9449
1792 14.0349
1794 14.1265
1796 14.2198
1798 14.3147
1800 14.4112
1802 14.5093
1804 14.6089
1806 14.71
1808 14.8125
1810 14.9164
1812 15.0217
1814 15.1284
1816 15.2364
1818 15.3456
1820 15.4561
1822 15.5678
1824 15.6807
1826 15.7947
1828 15.9097
1830 16.0258
1832 16.143
1834 16.2611
1836 16.3801
1838 16.5
1840 16.6207
1842 16.7423
1844 16.8646
1846 16.9876
1848 17.1114
1850 17.2357
1852 17.3607
1854 17.4862
1856 17.6123
1858 17.7388
1860 17.8657
1862 17.993
1864 18.1206
1866 18.2486
1868 18.3768
1870 18.5052
1872 18.6338
1874 18.7625
1876 18.8913
1878 19.0201
1880 19.1489
1882 19.2777
1884 19.4064
1886 19.5349
1888 19.6633
1890 19.7914
1892 19.9193
1894 20.0468
1896 20.174
1898 20.3008
1900 20.4272
1902 20.5531
1904 20.6784
1906 20.8032
1908 20.9274
1910 21.0509
1912 21.1737
1914 21.2958
1916 21.4171
1918 21.5376
1920 21.6572
1922 21.7759
1924 21.8937
1926 22.0105
1928 22.1263
1930 22.2411
1932 22.3547
1934 22.4672
1936 22.5785
1938 22.6886
1940 22.7975
1942 22.9051
1944 23.0113
1946 23.1162
1948 23.2197
1950 23.3218
1952 23.4224
1954 23.5215
1956 23.6191
1958 23.7151
1960 23.8095
1962 23.9023
1964 23.9934
1966 24.0829
1968 24.1706
1970 24.2565
1972 24.3407
1974 24.4231
1976 24.5036
1978 24.5823
1980 24.6591
1982 24.7339
1984 24.8069
1986 24.8778
1988 24.9468
1990 25.0137
1992 25.0786
1994 25.1415
1996 25.2023
1998 25.2609
2000 25.3175
2002 25.3719
2004 25.4242
2006 25.4742
2008 25.5221
2010 25.5678
2012 25.6113
2014 25.6525
2016 25.6914
2018 25.7281
2020 25.7625
2022 25.7947
2024 25.8245
2026 25.852
2028 25.8772
2030 25.9
2032 25.9206
2034 25.9387
2036 25.9546
2038 25.9681
2040 25.9792
2042 25.9879
2044 25.9943
2046 25.9983
36.895
0 54.9151
3 54.893
6 54.8683
9 54.8412
12 54.8114
15 54.7792
18 54.7444
21 54.7071
24 54.6673
27 54.625
30 54.5802
33 54.5329
36 54.4831
39 54.4308
42 54.376
45 54.3188
48 54.2591
51 54.197
54 54.1324
57 54.0654
60 53.996
63 53.9242
66 53.85
69 53.7734
72 53.6944
75 53.6131
78 53.5294
81 53.4434
84 53.355
87 53.2643
90 53.1714
93 53.0761
96 52.9786
99 52.8788
102 52.7768
105 52.6726
108 52.5661
111 52.4575
114 52.3467
117 52.2337
120 52.1186
123 52.0014
126 51.882
129 51.7606
132 51.6371
135 51.5115
138 51.3839
141 51.2543
144 51.1227
147 50.9891
150 50.8535
153 50.7161
156 50.5767
159 50.4354
162 50.2923
165 50.1472
168 50.0004
171 49.8518
174 49.7014
177 49.5492
180 49.3952
183 49.2396
186 49.0823
189 48.9233
192 48.7626
195 48.6004
198 48.4365
201 48.2711
204 48.1041
207 47.9356
210 47.7656
213 47.5941
216 47.4212
219 47.2469
222 47.0712
225 46.8941
228 46.7157
231 46.536
234 46.3549
237 46.1727
240 45.9891
243 45.8044
246 45.6185
249 45.4315
252 45.2434
255 45.0541
258 44.8638
261 44.6725
264 44.4801
267 44.2868
270 44.0926
273 43.8974
276 43.7013
279 43.5044
282 43.3066
285 43.1081
288 42.9088
291 42.7087
294 42.5079
297 42.3065
300 42.1044
303 41.9017
306 41.6984
309 41.4945
312 41.2901
315 41.0852
318 40.8799
321 40.6741
324 40.4679
327 40.2614
330 40.0545
333 39.8473
336 39.6398
339 39.4321
342 39.2241
345 39.016
348 38.8077
351 38.5993
354 38.3908
357 38.1823
360 37.9737
363 37.7651
366 37.5566
369 37.3481
372 37.1397
375 36.9315
378 36.7234
381 36.5155
384 36.3078
387 36.1004
390 35.8933
393 35.6865
396 35.48
399 35.2739
402 35.0683
405 34.863
408 34.6583
411 34.454
414 34.2503
417 34.0471
420 33.8446
423 33.6427
426 33.4414
429 33.2408
432 33.0409
435 32.8418
438 32.6434
441 32.4459
444 32.2491
447 32.0533
450 31.8583
453 31.6643
456 31.4712
459 31.2792
462 31.0881
465 30.898
468 30.7091
471 30.5212
474 30.3345
477 30.1489
480 29.9645
483 29.7813
486 29.5993
489 29.4186
492 29.2392
495 29.0611
498 28.8844
501 28.709
504 28.535
507 28.3625
510 28.1914
513 28.0218
516 27.8536
519 27.687
522 27.522
525 27.3586
528 27.1967
531 27.0365
534 26.8779
537 26.721
540 26.5658
543 26.4123
546 26.2605
549 26.1106
552 25.9624
555 25.816
558 25.6715
561 25.5288
564 25.388
567 25.2491
570 25.1121
573 24.977
576 24.8439
579 24.7128
582 24.5837
585 24.4566
588 24.3316
591 24.2086
594 24.0877
597 23.9689
600 23.8522
603 23.7376
606 23.6252
609 23.5149
612 23.4068
615 23.3009
618 23.1972
621 23.0958
624 22.9966
627 22.8996
630 22.805
633 22.7126
636 22.6225
639 22.5347
642 22.4493
645 22.3662
648 22.2854
651 22.2071
654 22.1311
657 22.0574
660 21.9862
663 21.9174
666 21.851
669 21.7871
672 21.7256
675 21.6665
678 21.6099
681 21.5558
684 21.5041
687 21.4549
690 21.4083
693 21.3641
696 21.3224
699 21.2832
702 21.2466
705 21.2124
708 21.1808
711 21.1517
714 21.1252
717 21.1012
720 21.0798
723 21.0609
726 21.0445
729 21.0307
732 21.0194
735 21.0107
738 21.0046
741 21.001
744 21
747 21.0016
750 21.0057
753 21.0123
756 21.0215
759 21.0333
762 21.0476
765 21.0645
768 21.0839
771 21.1059
774 21.1304
777 21.1575
780 21.1871
783 21.2192
786 21.2538
789 21.291
792 21.3307
795 21.3729
798 21.4176
801 21.4648
804 21.5145
807 21.5666
810 21.6213
813 21.6784
816 21.7379
819 21.7999
822 21.8644
825 21.9313
828 22.0006
831 22.0723
834 22.1464
837 22.2229
840 22.3017
843 22.3829
846 22.4665
849 22.5524
852 22.6407
855 22.7312
858 22.8241
861 22.9192
864 23.0166
867 23.1163
870 23.2182
873 23.3223
876 23.4287
879 23.5372
882 23.6479
885 23.7608
888 23.8758
891 23.9929
894 24.1122
897 24.2335
900 24.3569
903 24.4824
906 24.6099
909 24.7394
912 24.8709
915 25.0044
918 25.1399
921 25.2772
924 25.4165
927 25.5577
930 25.7008
933 25.8457
936 25.9925
939 26.141
942 26.2913
945 26.4434
948 26.5973
951 26.7528
954 26.9101
957 27.069
960 27.2296
963 27.3918
966 27.5555
969 27.7209
972 27.8878
975 28.0562
978 28.2261
981 28.3975
984 28.5704
987 28.7446
990 28.9203
993 29.0973
996 29.2757
999 29.4553
1002 29.6363
1005 29.8185
1008 30.002
1011 30.1866
1014 30.3724
1017 30.5594
1020 30.7475
1023 30.9367
1026 31.127
1029 31.3183
1032 31.5105
1035 31.7038
1038 31.898
1041 32.0932
1044 32.2892
1047 32.4861
1050 32.6838
1053 32.8823
1056 33.0816
1059 33.2816
1062 33.4824
1065 33.6838
1068 33.8858
1071 34.0885
1074 34.2918
1077 34.4956
1080 34.7
1083 34.9049
1086 35.1102
1089 35.3159
1092 35.5221
1095 35.7286
1098 35.9355
1101 36.1427
1104 36.3502
1107 36.5579
1110 36.7658
1113 36.9739
1116 37.1822
1119 37.3906
1122 37.5991
1125 37.8077
1128 38.0162
1131 38.2248
1134 38.4333
1137 38.6418
1140 38.8502
1143 39.0585
1146 39.2665
1149 39.4745
1152 39.6821
1155 39.8896
1158 40.0967
1161 40.3035
1164 40.51
1167 40.7161
1170 40.9218
1173 41.1271
1176 41.3318
1179 41.5361
1182 41.7399
1185 41.9431
1188 42.1456
1191 42.3476
1194 42.5489
1197 42.7496
1200 42.9495
1203 43.1486
1206 43.347
1209 43.5446
1212 43.7414
1215 43.9373
1218 44.1323
1221 44.3263
1224 44.5194
1227 44.7116
1230 44.9027
1233 45.0928
1236 45.2818
1239 45.4698
1242 45.6566
1245 45.8422
1248 46.0267
1251 46.2099
1254 46.392
1257 46.5727
1260 46.7522
1263 46.9303
1266 47.1071
1269 47.2826
1272 47.4566
1275 47.6292
1278 47.8004
1281 47.9701
1284 48.1383
1287 48.3049
1290 48.4701
1293 48.6336
1296 48.7955
1299 48.9558
1302 49.1145
1305 49.2715
1308 49.4268
1311 49.5803
1314 49.7322
1317 49.8822
1320 50.0305
1323 50.177
1326 50.3216
1329 50.4644
1332 50.6053
1335 50.7443
1338 50.8813
1341 51.0165
1344 51.1497
1347 51.2809
1350 51.4101
1353 51.5373
1356 51.6624
1359 51.7855
1362 51.9065
1365 52.0254
1368 52.1422
1371 52.2569
1374 52.3695
1377 52.4798
1380 52.588
1383 52.694
1386 52.7978
1389 52.8994
1392 52.9987
1395 53.0957
1398 53.1905
1401 53.283
1404 53.3732
1407 53.4611
1410 53.5466
1413 53.6299
1416 53.7107
1419 53.7892
1422 53.8653
1425 53.9391
1428 54.0104
1431 54.0793
1434 54.1458
1437 54.2099
1440 54.2715
1443 54.3307
1446 54.3874
1449 54.4417
1452 54.4934
1455 54.5427
1458 54.5895
1461 54.6338
1464 54.6757
1467 54.7149
1470 54.7517
1473 54.786
1476 54.8177
1479 54.8469
1482 54.8736
1485 54.8977
1488 54.9193
1491 54.9383
1494 54.9548
1497 54.9687
1500 54.9801
1503 54.9889
1506 54.9952
1509 54.9989
1512 55
1515 54.9986
1518 54.9946
1521 54.9881
1524 54.979
1527 54.9673
1530 54.9531
1533 54.9364
1536 54.9171
1539 54.8952
1542 54.8708
1545 54.8439
1548 54.8144
1551 54.7824
1554 54.7479
1557 54.7108
1560 54.6713
1563 54.6292
1566 54.5846
1569 54.5376
1572 54.488
1575 54.436
1578 54.3814
1581 54.3245
1584 54.265
1587 54.2031
1590 54.1388
1593 54.072
1596 54.0028
1599 53.9313
1602 53.8573
1605 53.7809
1608 53.7021
1611 53.621
1614 53.5376
1617 53.4518
1620 53.3636
1623 53.2732
1626 53.1805
1629 53.0854
1632 52.9881
1635 52.8886
1638 52.7868
1641 52.6828
1644 52.5765
1647 52.4681
1650 52.3575
1653 52.2447
1656 52.1298
1659 52.0128
1662 51.8936
1665 51.7724
1668 51.6491
1671 51.5237
1674 51.3963
1677 51.2669
1680 51.1355
1683 51.0021
1686 50.8667
1689 50.7294
1692 50.5902
1695 50.4491
1698 50.3062
1701 50.1613
1704 50.0147
1707 49.8662
1710 49.716
1713 49.5639
1716 49.4102
1719 49.2547
1722 49.0975
1725 48.9387
1728 48.7782
1731 48.6161
1734 48.4524
1737 48.2871
1740 48.1203
1743 47.9519
1746 47.7821
1749 47.6108
1752 47.438
1755 47.2638
1758 47.0882
1761 46.9113
1764 46.733
1767 46.5534
1770 46.3725
1773 46.1903
1776 46.0069
1779 45.8223
1782 45.6366
1785 45.4496
1788 45.2616
1791 45.0725
1794 44.8823
1797 44.691
1800 44.4988
1803 44.3055
1806 44.1114
1809 43.9163
1812 43.7203
1815 43.5234
1818 43.3258
1821 43.1273
1824 42.928
1827 42.7281
1830 42.5273
1833 42.326
1836 42.1239
1839 41.9213
1842 41.718
1845 41.5142
1848 41.3099
1851 41.105
1854 40.8997
1857 40.694
1860 40.4879
1863 40.2813
1866 40.0745
1869 39.8673
1872 39.6599
1875 39.4521
1878 39.2442
1881 39.0361
1884 38.8278
1887 38.6195
1890 38.411
1893 38.2024
1896 37.9938
1899 37.7853
1902 37.5767
1905 37.3682
1908 37.1599
1911 36.9516
1914 36.7435
1917 36.5356
1920 36.3279
1923 36.1205
1926 35.9133
1929 35.7065
1932 35.5
1935 35.2938
1938 35.0881
1941 34.8829
1944 34.678
1947 34.4737
1950 34.27
1953 34.0668
1956 33.8641
1959 33.6621
1962 33.4608
1965 33.2601
1968 33.0602
1971 32.861
1974 32.6625
1977 32.4649
1980 32.2681
1983 32.0722
1986 31.8771
1989 31.683
1992 31.4899
1995 31.2977
1998 31.1065
2001 30.9164
2004 30.7273
2007 30.5393
2010 30.3524
2013 30.1667
2016 29.9822
2019 29.7989
2022 29.6168
2025 29.436
2028 29.2565
2031 29.0782
2034 28.9014
2037 28.7259
2040 28.5518
2043 28.3791
2046 28.2078
2049 28.0381
2052 27.8698
2055 27.7031
2058 27.5379
2061 27.3743
2064 27.2123
2067 27.0519
2070 26.8931
2073 26.7361
2076 26.5807
2079 26.427
2082 26.2751
2085 26.125
2088 25.9766
2091 25.8301
2094 25.6853
2097 25.5425
2100 25.4015
2103 25.2624
2106 25.1252
2109 24.99
2112 24.8567
2115 24.7254
2118 24.5961
2121 24.4688
2124 24.3436
2127 24.2204
2130 24.0993
2133 23.9803
2136 23.8633
2139 23.7486
2142 23.6359
2145 23.5254
2148 23.4171
2151 23.311
2154 23.2072
2157 23.1055
2160 23.0061
2163 22.9089
2166 22.814
2169 22.7214
2172 22.6311
2175 22.5431
2178 22.4574
2181 22.3741
2184 22.2931
2187 22.2145
2190 22.1383
2193 22.0644
2196 21.993
2199 21.924
2202 21.8573
2205 21.7932
2208 21.7314
2211 21.6721
2214 21.6153
2217 21.5609
2220 21.509
2223 21.4596
2226 21.4127
2229 21.3682
2232 21.3263
2235 21.2869
2238 21.25
2241 21.2156
2244 21.1838
2247 21.1544
2250 21.1277
2253 21.1034
2256 21.0817
2259 21.0626
2262 21.046
2265 21.0319
2268 21.0204
2271 21.0115
2274 21.0051
2277 21.0013
2280 21
2283 21.0013
2286 21.0051
2289 21.0116
2292 21.0205
2295 21.032
2298 21.0461
2301 21.0628
2304 21.0819
2307 21.1037
2310 21.1279
2313 21.1547
2316 21.1841
2319 21.216
2322 21.2504
2325 21.2873
2328 21.3267
2331 21.3687
2334 21.4132
2337 21.4601
2340 21.5095
2343 21.5615
2346 21.6159
2349 21.6727
2352 21.7321
2355 21.7938
2358 21.8581
2361 21.9247
2364 21.9938
2367 22.0652
2370 22.1391
2373 22.2154
2376 22.294
2379 22.375
2382 22.4583
2385 22.544
2388 22.6321
2391 22.7224
2394 22.815
2397 22.9099
2400 23.0071
2403 23.1066
2406 23.2083
2409 23.3122
2412 23.4183
2415 23.5266
2418 23.6371
2421 23.7498
2424 23.8646
2427 23.9815
2430 24.1006
2433 24.2217
2436 24.3449
2439 24.4702
2442 24.5975
2445 24.7268
2448 24.8581
2451 24.9914
2454 25.1267
2457 25.2639
2460 25.403
2463 25.544
2466 25.6869
2469 25.8316
2472 25.9782
2475 26.1266
2478 26.2767
2481 26.4287
2484 26.5823
2487 26.7377
2490 26.8948
2493 27.0536
2496 27.214
2499 27.376
2502 27.5396
2505 27.7049
2508 27.8716
2511 28.0399
2514 28.2097
2517 28.3809
2520 28.5536
2523 28.7277
2526 28.9033
2529 29.0801
2532 29.2584
2535 29.4379
2538 29.6188
2541 29.8009
2544 29.9842
2547 30.1687
2550 30.3544
2553 30.5413
2556 30.7293
2559 30.9184
2562 31.1085
2565 31.2997
2568 31.4919
2571 31.6851
2574 31.8792
2577 32.0743
2580 32.2702
2583 32.467
2586 32.6647
2589 32.8631
2592 33.0623
2595 33.2623
2598 33.4629
2601 33.6643
2604 33.8663
2607 34.0689
2610 34.2721
2613 34.4759
2616 34.6802
2619 34.885
2622 35.0903
2625 35.296
2628 35.5022
2631 35.7087
2634 35.9155
2637 36.1227
2640 36.3301
2643 36.5378
2646 36.7457
2649 36.9538
2652 37.1621
2655 37.3705
2658 37.579
2661 37.7875
2664 37.9961
2667 38.2047
2670 38.4132
2673 38.6217
2676 38.8301
2679 39.0383
2682 39.2465
2685 39.4544
2688 39.6621
2691 39.8695
2694 40.0767
2697 40.2836
2700 40.4901
2703 40.6962
2706 40.9019
2709 41.1072
2712 41.3121
2715 41.5164
2718 41.7202
2721 41.9234
2724 42.1261
2727 42.3281
2730 42.5295
2733 42.7302
2736 42.9302
2739 43.1294
2742 43.3279
2745 43.5256
2748 43.7224
2751 43.9184
2754 44.1135
2757 44.3076
2760 44.5008
2763 44.6931
2766 44.8843
2769 45.0745
2772 45.2636
2775 45.4516
2778 45.6386
2781 45.8243
2784 46.0089
2787 46.1923
2790 46.3744
2793 46.5553
2796 46.7349
2799 46.9132
2802 47.0901
2805 47.2657
2808 47.4399
2811 47.6126
2814 47.7839
2817 47.9538
2820 48.1221
2823 48.2889
2826 48.4542
2829 48.6179
2832 48.78
2835 48.9404
2838 49.0992
2841 49.2564
2844 49.4118
2847 49.5656
2850 49.7176
2853 49.8678
2856 50.0163
2859 50.1629
2862 50.3077
2865 50.4507
2868 50.5917
2871 50.7309
2874 50.8682
2877 51.0035
2880 51.1369
2883 51.2683
2886 51.3977
2889 51.5251
2892 51.6504
2895 51.7737
2898 51.8949
2901 52.014
2904 52.1311
2907 52.2459
2910 52.3587
2913 52.4693
2916 52.5777
2919 52.6839
2922 52.7879
2925 52.8896
2928 52.9892
2931 53.0865
2934 53.1815
2937 53.2742
2940 53.3646
2943 53.4527
2946 53.5385
2949 53.6219
2952 53.703
2955 53.7817
2958 53.8581
2961 53.932
2964 54.0036
2967 54.0728
2970 54.1395
2973 54.2038
2976 54.2657
2979 54.3251
2982 54.382
2985 54.4365
2988 54.4885
2991 54.5381
2994 54.5851
2997 54.6297
3000 54.6717
3003 54.7113
3006 54.7483
3009 54.7828
3012 54.8148
3015 54.8442
3018 54.8711
3021 54.8955
3024 54.9173
3027 54.9366
3030 54.9533
3033 54.9675
3036 54.9791
3039 54.9882
3042 54.9947
3045 54.9986
3048 55
3051 54.9988
3054 54.9951
3057 54.9888
3060 54.98
3063 54.9686
3066 54.9546
3069 54.9381
38.998
0 41.3774
4 41.5815
8 41.7852
12 41.9882
16 42.1907
20 42.3925
24 42.5937
28 42.7941
32 42.9939
36 43.1929
40 43.3911
44 43.5885
48 43.7851
52 43.9808
56 44.1756
60 44.3694
64 44.5623
68 44.7542
72 44.9451
76 45.135
80 45.3238
84 45.5115
88 45.698
92 45.8834
96 46.0676
100 46.2506
104 46.4323
108 46.6128
112 46.792
116 46.9698
120 47.1463
124 47.3215
128 47.4952
132 47.6675
136 47.8383
140 48.0077
144 48.1755
148 48.3419
152 48.5066
156 48.6698
160 48.8314
164 48.9913
168 49.1496
172 49.3062
176 49.4611
180 49.6143
184 49.7657
188 49.9154
192 50.0633
196 50.2093
200 50.3536
204 50.4959
208 50.6364
212 50.775
216 50.9116
220 51.0463
224 51.1791
228 51.3098
232 51.4386
236 51.5653
240 51.69
244 51.8126
248 51.9332
252 52.0516
256 52.168
260 52.2822
264 52.3942
268 52.5041
272 52.6118
276 52.7173
280 52.8206
284 52.9217
288 53.0205
292 53.117
296 53.2113
300 53.3033
304 53.393
308 53.4803
312 53.5654
316 53.6481
320 53.7284
324 53.8064
328 53.882
332 53.9552
336 54.0259
340 54.0943
344 54.1603
348 54.2238
352 54.2849
356 54.3435
360 54.3997
364 54.4534
368 54.5046
372 54.5534
376 54.5996
380 54.6434
384 54.6846
388 54.7234
392 54.7596
396 54.7933
400 54.8244
404 54.8531
408 54.8792
412 54.9027
416 54.9237
420 54.9422
424 54.9581
428 54.9715
432 54.9823
436 54.9905
440 54.9962
444 54.9993
448 54.9999
452 54.9979
456 54.9934
460 54.9863
464 54.9766
468 54.9644
472 54.9496
476 54.9323
480 54.9124
484 54.89
488 54.865
492 54.8375
496 54.8075
500 54.775
504 54.7399
508 54.7023
512 54.6621
516 54.6195
520 54.5744
524 54.5267
528 54.4766
532 54.424
536 54.369
540 54.3114
544 54.2514
548 54.189
552 54.1241
556 54.0568
560 53.9871
564 53.915
568 53.8405
572 53.7636
576 53.6843
580 53.6026
584 53.5187
588 53.4323
592 53.3437
596 53.2527
600 53.1595
604 53.0639
608 52.9661
612 52.8661
616 52.7638
620 52.6593
624 52.5526
628 52.4436
632 52.3326
636 52.2193
640 52.1039
644 51.9864
648 51.8668
652 51.7451
656 51.6213
660 51.4955
664 51.3677
668 51.2378
672 51.1059
676 50.9721
680 50.8363
684 50.6986
688 50.559
692 50.4175
696 50.2741
700 50.1288
704 49.9818
708 49.8329
712 49.6823
716 49.5299
720 49.3757
724 49.2199
728 49.0623
732 48.9031
736 48.7423
740 48.5798
744 48.4157
748 48.2501
752 48.0829
756 47.9142
760 47.7441
764 47.5724
768 47.3993
772 47.2248
776 47.0489
780 46.8717
784 46.6931
788 46.5132
792 46.332
796 46.1496
800 45.9659
804 45.7811
808 45.595
812 45.4078
816 45.2196
820 45.0302
824 44.8397
828 44.6483
832 44.4558
836 44.2624
840 44.068
844 43.8727
848 43.6765
852 43.4795
856 43.2816
860 43.083
864 42.8836
868 42.6834
872 42.4826
876 42.281
880 42.0788
884 41.8761
888 41.6727
892 41.4688
896 41.2643
900 41.0594
904 40.854
908 40.6481
912 40.4419
916 40.2353
920 40.0284
924 39.8211
928 39.6136
932 39.4059
936 39.1979
940 38.9897
944 38.7814
948 38.573
952 38.3645
956 38.156
960 37.9474
964 37.7388
968 37.5303
972 37.3218
976 37.1135
980 36.9052
984 36.6972
988 36.4893
992 36.2817
996 36.0743
1000 35.8672
1004 35.6604
1008 35.454
1012 35.248
1016 35.0424
1020 34.8372
1024 34.6325
1028 34.4283
1032 34.2247
1036 34.0216
1040 33.8191
1044 33.6172
1048 33.416
1052 33.2155
1056 33.0157
1060 32.8167
1064 32.6184
1068 32.421
1072 32.2244
1076 32.0287
1080 31.8338
1084 31.6399
1088 31.447
1092 31.255
1096 31.0641
1100 30.8741
1104 30.6853
1108 30.4976
1112 30.311
1116 30.1255
1120 29.9413
1124 29.7582
1128 29.5764
1132 29.3959
1136 29.2167
1140 29.0387
1144 28.8622
1148 28.687
1152 28.5132
1156 28.3408
1160 28.1699
1164 28.0005
1168 27.8325
1172 27.6661
1176 27.5013
1180 27.338
1184 27.1764
1188 27.0164
1192 26.858
1196 26.7013
1200 26.5463
1204 26.393
1208 26.2415
1212 26.0918
1216 25.9438
1220 25.7977
1224 25.6534
1228 25.5109
1232 25.3704
1236 25.2317
1240 25.0949
1244 24.9601
1248 24.8273
1252 24.6964
1256 24.5676
1260 24.4408
1264 24.316
1268 24.1932
1272 24.0726
1276 23.954
1280 23.8376
1284 23.7233
1288 23.6111
1292 23.5011
1296 23.3933
1300 23.2877
1304 23.1843
1308 23.0832
1312 22.9842
1316 22.8876
1320 22.7932
1324 22.7011
1328 22.6113
1332 22.5238
1336 22.4387
1340 22.3559
1344 22.2754
1348 22.1973
1352 22.1216
1356 22.0483
1360 21.9774
1364 21.9089
1368 21.8428
1372 21.7792
1376 21.718
1380 21.6592
1384 21.603
1388 21.5491
1392 21.4978
1396 21.4489
1400 21.4026
1404 21.3587
1408 21.3173
1412 21.2785
1416 21.2421
1420 21.2083
1424 21.177
1428 21.1483
1432 21.122
1436 21.0984
1440 21.0772
1444 21.0586
1448 21.0426
1452 21.0291
1456 21.0182
1460 21.0098
1464 21.004
1468 21.0008
1472 21.0001
1476 21.0019
1480 21.0064
1484 21.0133
1488 21.0229
1492 21.035
1496 21.0496
1500 21.0668
1504 21.0866
1508 21.1089
1512 21.1337
1516 21.1611
1520 21.191
1524 21.2234
1528 21.2584
1532 21.2959
1536 21.3359
1540 21.3784
1544 21.4234
1548 21.4709
1552 21.5209
1556 21.5734
1560 21.6283
1564 21.6857
1568 21.7456
1572 21.8079
1576 21.8727
1580 21.9399
1584 22.0095
1588 22.0815
1592 22.1559
1596 22.2327
1600 22.3118
1604 22.3934
1608 22.4772
1612 22.5634
1616 22.652
1620 22.7428
1624 22.836
1628 22.9314
1632 23.0291
1636 23.129
1640 23.2312
1644 23.3356
1648 23.4422
1652 23.551
1656 23.662
1660 23.7752
1664 23.8904
1668 24.0079
1672 24.1274
1676 24.249
1680 24.3726
1684 24.4984
1688 24.6261
1692 24.7559
1696 24.8877
1700 25.0214
1704 25.1571
1708 25.2947
1712 25.4342
1716 25.5757
1720 25.719
1724 25.8641
1728 26.0111
1732 26.1599
1736 26.3104
1740 26.4627
1744 26.6168
1748 26.7726
1752 26.93
1756 27.0892
1760 27.2499
1764 27.4123
1768 27.5763
1772 27.7419
1776 27.909
1780 28.0776
1784 28.2477
1788 28.4193
1792 28.5923
1796 28.7667
1800 28.9425
1804 29.1197
1808 29.2983
1812 29.4781
1816 29.6592
1820 29.8416
1824 30.0252
1828 30.21
1832 30.396
1836 30.5831
1840 30.7713
1844 30.9606
1848 31.151
1852 31.3424
1856 31.5349
1860 31.7283
1864 31.9226
1868 32.1178
1872 32.314
1876 32.511
1880 32.7088
1884 32.9074
1888 33.1068
1892 33.3069
1896 33.5077
1900 33.7092
1904 33.9114
1908 34.1141
1912 34.3175
1916 34.5214
1920 34.7258
1924 34.9307
1928 35.1361
1932 35.3419
1936 35.5481
1940 35.7547
1944 35.9616
1948 36.1689
1952 36.3764
1956 36.5841
1960 36.7921
1964 37.0002
1968 37.2085
1972 37.4169
1976 37.6254
1980 37.834
1984 38.0425
1988 38.2511
1992 38.4596
1996 38.6681
2000 38.8765
2004 39.0847
2008 39.2928
2012 39.5007
2016 39.7083
2020 39.9157
2024 40.1228
2028 40.3296
2032 40.536
2036 40.7421
2040 40.9477
2044 41.1529
2048 41.3576
2052 41.5618
2056 41.7655
2060 41.9686
2064 42.1711
2068 42.373
2072 42.5743
2076 42.7748
2080 42.9746
2084 43.1737
2088 43.372
2092 43.5695
2096 43.7661
2100 43.9619
2104 44.1568
2108 44.3507
2112 44.5437
2116 44.7357
2120 44.9267
2124 45.1167
2128 45.3056
2132 45.4934
2136 45.68
2140 45.8655
2144 46.0498
2148 46.233
2152 46.4148
2156 46.5954
2160 46.7747
2164 46.9527
2168 47.1293
2172 47.3046
2176 47.4785
2180 47.6509
2184 47.8219
2188 47.9914
2192 48.1594
2196 48.3259
2200 48.4908
2204 48.6541
2208 48.8158
2212 48.9759
2216 49.1344
2220 49.2912
2224 49.4462
2228 49.5996
2232 49.7512
2236 49.901
2240 50.0491
2244 50.1953
2248 50.3397
2252 50.4822
2256 50.6229
2260 50.7617
2264 50.8985
2268 51.0334
2272 51.1663
2276 51.2973
2280 51.4262
2284 51.5532
2288 51.678
2292 51.8009
2296 51.9216
2300 52.0403
2304 52.1568
2308 52.2712
2312 52.3835
2316 52.4936
2320 52.6015
2324 52.7072
2328 52.8107
2332 52.912
2336 53.011
2340 53.1078
2344 53.2023
2348 53.2945
2352 53.3844
2356 53.472
2360 53.5573
2364 53.6402
2368 53.7207
2372 53.7989
2376 53.8748
2380 53.9482
2384 54.0192
2388 54.0878
2392 54.154
2396 54.2178
2400 54.2791
2404 54.338
2408 54.3944
2412 54.4483
2416 54.4998
2420 54.5488
2424 54.5953
2428 54.6393
2432 54.6807
2436 54.7197
2440 54.7562
2444 54.7901
2448 54.8215
2452 54.8504
2456 54.8767
2460 54.9005
2464 54.9218
2468 54.9405
2472 54.9567
2476 54.9703
2480 54.9813
2484 54.9898
2488 54.9958
2492 54.9991
2496 55
2500 54.9982
2504 54.9939
2508 54.9871
2512 54.9776
2516 54.9657
2520 54.9512
2524 54.9341
2528 54.9145
2532 54.8923
2536 54.8676
2540 54.8403
2544 54.8105
2548 54.7782
2552 54.7434
2556 54.706
2560 54.6661
2564 54.6237
2568 54.5788
2572 54.5314
2576 54.4816
2580 54.4292
2584 54.3744
2588 54.3171
2592 54.2573
2596 54.1951
2600 54.1305
2604 54.0634
2608 53.994
2612 53.9221
2616 53.8478
2620 53.7711
2624 53.692
2628 53.6106
2632 53.5269
2636 53.4408
2640 53.3524
2644 53.2616
2648 53.1686
2652 53.0733
2656 52.9757
2660 52.8759
2664 52.7738
2668 52.6695
2672 52.563
2676 52.4543
2680 52.3434
2684 52.2303
2688 52.1152
2692 51.9979
2696 51.8785
2700 51.757
2704 51.6334
2708 51.5078
2712 51.3801
2716 51.2504
2720 51.1188
2724 50.9851
2728 50.8495
2732 50.712
2736 50.5725
2740 50.4312
2744 50.288
2748 50.1429
2752 49.9961
2756 49.8474
2760 49.6969
2764 49.5447
2768 49.3907
2772 49.235
2776 49.0776
2780 48.9186
2784 48.7579
2788 48.5956
2792 48.4316
2796 48.2662
2800 48.0991
2804 47.9306
2808 47.7606
2812 47.5891
2816 47.4161
2820 47.2417
2824 47.066
2828 46.8889
2832 46.7104
2836 46.5306
2840 46.3496
2844 46.1673
2848 45.9837
2852 45.799
2856 45.613
2860 45.426
2864 45.2378
2868 45.0485
2872 44.8582
2876 44.6668
2880 44.4745
2884 44.2811
2888 44.0868
2892 43.8916
2896 43.6955
2900 43.4986
2904 43.3008
2908 43.1022
2912 42.9029
2916 42.7028
2920 42.502
2924 42.3005
2928 42.0984
2932 41.8957
2936 41.6923
2940 41.4885
2944 41.2841
2948 41.0792
2952 40.8738
2956 40.668
2960 40.4618
2964 40.2553
2968 40.0484
2972 39.8412
2976 39.6337
2980 39.4259
2984 39.218
2988 39.0099
2992 38.8016
2996 38.5932
3000 38.3847
3004 38.1761
3008 37.9675
3012 37.759
3016 37.5504
3020 37.342
3024 37.1336
3028 36.9253
3032 36.7173
3036 36.5094
3040 36.3017
3044 36.0943
3048 35.8872
3052 35.6804
3056 35.4739
3060 35.2679
3064 35.0622
3068 34.857
3072 34.6522
3076 34.448
3080 34.2443
3084 34.0412
3088 33.8386
3092 33.6367
3096 33.4354
3100 33.2349
3104 33.035
3108 32.8359
3112 32.6376
3116 32.44
3120 32.2434
3124 32.0475
3128 31.8526
3132 31.6586
3136 31.4656
3140 31.2735
3144 31.0825
3148 30.8924
3152 30.7035
3156 30.5157
3160 30.329
3164 30.1434
3168 29.959
3172 29.7759
3176 29.5939
3180 29.4133
3184 29.2339
3188 29.0559
3192 28.8792
3196 28.7038
3200 28.5299
3204 28.3574
3208 28.1863
3212 28.0168
3216 27.8487
3220 27.6822
3224 27.5172
3228 27.3538
3232 27.1919
3236 27.0318
3240 26.8732
3244 26.7164
3248 26.5612
3252 26.4078
3256 26.2561
3260 26.1062
3264 25.958
3268 25.8117
3272 25.6672
3276 25.5246
3280 25.3838
3284 25.245
3288 25.1081
3292 24.9731
3296 24.84
3300 24.709
3304 24.58
3308 24.4529
3312 24.3279
3316 24.205
3320 24.0842
3324 23.9654
3328 23.8488
3332 23.7342
3336 23.6219
3340 23.5117
3344 23.4036
3348 23.2978
3352 23.1942
3356 23.0928
3360 22.9937
3364 22.8968
3368 22.8022
3372 22.7099
3376 22.6199
3380 22.5322
3384 22.4468
3388 22.3638
3392 22.2831
3396 22.2048
3400 22.1288
3404 22.0553
3408 21.9842
3412 21.9154
3416 21.8491
3420 21.7852
3424 21.7238
3428 21.6648
3432 21.6083
3436 21.5542
3440 21.5026
3444 21.4535
3448 21.4069
3452 21.3628
3456 21.3212
3460 21.2821
3464 21.2455
3468 21.2115
3472 21.1799
3476 21.1509
3480 21.1245
3484 21.1005
3488 21.0792
3492 21.0603
3496 21.044
3500 21.0303
3504 21.0191
3508 21.0105
3512 21.0045
3516 21.001
3520 21
3524 21.0016
3528 21.0058
3532 21.0125
3536 21.0218
3540 21.0337
3544 21.0481
3548 21.065
3552 21.0845
3556 21.1066
3560 21.1312
3564 21.1583
3568 21.188
3572 21.2202
3576 21.2549
3580 21.2921
3584 21.3319
3588 21.3742
3592 21.4189
3596 21.4662
3600 21.516
3604 21.5682
3608 21.6229
3612 21.6801
3616 21.7397
3620 21.8018
3624 21.8663
3628 21.9333
3632 22.0026
3636 22.0744
3640 22.1486
3644 22.2251
3648 22.3041
3652 22.3854
3656 22.469
3660 22.555
3664 22.6433
3668 22.7339
3672 22.8269
3676 22.9221
3680 23.0195
3684 23.1193
3688 23.2212
3692 23.3254
3696 23.4318
3700 23.5404
3704 23.6512
3708 23.7641
3712 23.8792
3716 23.9964
3720 24.1157
3724 24.2371
3728 24.3606
3732 24.4861
3736 24.6137
3740 24.7433
3744 24.8748
3748 25.0084
3752 25.1439
3756 25.2813
3760 25.4207
3764 25.5619
3768 25.705
3772 25.85
3776 25.9968
3780 26.1454
3784 26.2958
3788 26.448
3792 26.6018
3796 26.7575
3800 26.9148
3804 27.0737
3808 27.2343
3812 27.3966
3816 27.5604
3820 27.7258
3824 27.8927
3828 28.0612
3832 28.2312
3836 28.4026
3840 28.5755
3844 28.7498
3848 28.9255
3852 29.1026
3856 29.2809
3860 29.4607
3864 29.6417
3868 29.8239
3872 30.0074
3876 30.1921
3880 30.3779
3884 30.565
3888 30.7531
3892 30.9423
3896 31.1326
3900 31.3239
3904 31.5162
3908 31.7095
3912 31.9038
3916 32.0989
3920 32.295
3924 32.4919
3928 32.6896
3932 32.8882
3936 33.0875
3940 33.2875
3944 33.4883
3948 33.6897
3952 33.8918
3956 34.0945
3960 34.2978
3964 34.5017
3968 34.706
3972 34.9109
3976 35.1163
3980 35.322
3984 35.5282
3988 35.7347
3992 35.9416
3996 36.1488
4000 36.3563
4004 36.564
4008 36.772
4012 36.9801
4016 37.1884
4020 37.3968
4024 37.6053
4028 37.8138
4032 38.0224
4036 38.231
4040 38.4395
4044 38.648
4048 38.8564
4052 39.0646
4056 39.2727
4060 39.4806
4064 39.6883
4068 39.8957
4072 40.1028
4076 40.3096
4080 40.5161
4084 40.7222
4088 40.9279
4092 41.1331
