0 41.3774
4 41.5815
8 41.7852
12 41.9882
16 42.1907
20 42.3925
24 42.5937
28 42.7941
32 42.9939
36 43.1929
40 43.3911
44 43.5885
48 43.7851
52 43.9808
56 44.1756
60 44.3694
64 44.5623
68 44.7542
72 44.9451
76 45.135
80 45.3238
84 45.5115
88 45.698
92 45.8834
96 46.0676
100 46.2506
104 46.4323
108 46.6128
112 46.792
116 46.9698
120 47.1463
124 47.3215
128 47.4952
132 47.6675
136 47.8383
140 48.0077
144 48.1755
148 48.3419
152 48.5066
156 48.6698
160 48.8314
164 48.9913
168 49.1496
172 49.3062
176 49.4611
180 49.6143
184 49.7657
188 49.9154
192 50.0633
196 50.2093
200 50.3536
204 50.4959
208 50.6364
212 50.775
216 50.9116
220 51.0463
224 51.1791
228 51.3098
232 51.4386
236 51.5653
240 51.69
244 51.8126
248 51.9332
252 52.0516
256 52.168
260 52.2822
264 52.3942
268 52.5041
272 52.6118
276 52.7173
280 52.8206
284 52.9217
288 53.0205
292 53.117
296 53.2113
300 53.3033
304 53.393
308 53.4803
312 53.5654
316 53.6481
320 53.7284
324 53.8064
328 53.882
332 53.9552
336 54.0259
340 54.0943
344 54.1603
348 54.2238
352 54.2849
356 54.3435
360 54.3997
364 54.4534
368 54.5046
372 54.5534
376 54.5996
380 54.6434
384 54.6846
388 54.7234
392 54.7596
396 54.7933
400 54.8244
404 54.8531
408 54.8792
412 54.9027
416 54.9237
420 54.9422
424 54.9581
428 54.9715
432 54.9823
436 54.9905
440 54.9962
444 54.9993
448 54.9999
452 54.9979
456 54.9934
460 54.9863
464 54.9766
468 54.9644
472 54.9496
476 54.9323
480 54.9124
484 54.89
488 54.865
492 54.8375
496 54.8075
500 54.775
504 54.7399
508 54.7023
512 54.6621
516 54.6195
520 54.5744
524 54.5267
528 54.4766
532 54.424
536 54.369
540 54.3114
544 54.2514
548 54.189
552 54.1241
556 54.0568
560 53.9871
564 53.915
568 53.8405
572 53.7636
576 53.6843
580 53.6026
584 53.5187
588 53.4323
592 53.3437
596 53.2527
600 53.1595
604 53.0639
608 52.9661
612 52.8661
616 52.7638
620 52.6593
624 52.5526
628 52.4436
632 52.3326
636 52.2193
640 52.1039
644 51.9864
648 51.8668
652 51.7451
656 51.6213
660 51.4955
664 51.3677
668 51.2378
672 51.1059
676 50.9721
680 50.8363
684 50.6986
688 50.559
692 50.4175
696 50.2741
700 50.1288
704 49.9818
708 49.8329
712 49.6823
716 49.5299
720 49.3757
724 49.2199
728 49.0623
732 48.9031
736 48.7423
740 48.5798
744 48.4157
748 48.2501
752 48.0829
756 47.9142
760 47.7441
764 47.5724
768 47.3993
772 47.2248
776 47.0489
780 46.8717
784 46.6931
788 46.5132
792 46.332
796 46.1496
800 45.9659
804 45.7811
808 45.595
812 45.4078
816 45.2196
820 45.0302
824 44.8397
828 44.6483
832 44.4558
836 44.2624
840 44.068
844 43.8727
848 43.6765
852 43.4795
856 43.2816
860 43.083
864 42.8836
868 42.6834
872 42.4826
876 42.281
880 42.0788
884 41.8761
888 41.6727
892 41.4688
896 41.2643
900 41.0594
904 40.854
908 40.6481
912 40.4419
916 40.2353
920 40.0284
924 39.8211
928 39.6136
932 39.4059
936 39.1979
940 38.9897
944 38.7814
948 38.573
952 38.3645
956 38.156
960 37.9474
964 37.7388
968 37.5303
972 37.3218
976 37.1135
980 36.9052
984 36.6972
988 36.4893
992 36.2817
996 36.0743
1000 35.8672
1004 35.6604
1008 35.454
1012 35.248
1016 35.0424
1020 34.8372
1024 34.6325
1028 34.4283
1032 34.2247
1036 34.0216
1040 33.8191
1044 33.6172
1048 33.416
1052 33.2155
1056 33.0157
1060 32.8167
1064 32.6184
1068 32.421
1072 32.2244
1076 32.0287
1080 31.8338
1084 31.6399
1088 31.447
1092 31.255
1096 31.0641
1100 30.8741
1104 30.6853
1108 30.4976
1112 30.311
1116 30.1255
1120 29.9413
1124 29.7582
1128 29.5764
1132 29.3959
1136 29.2167
1140 29.0387
1144 28.8622
1148 28.687
1152 28.5132
1156 28.3408
1160 28.1699
1164 28.0005
1168 27.8325
1172 27.6661
1176 27.5013
1180 27.338
1184 27.1764
1188 27.0164
1192 26.858
1196 26.7013
1200 26.5463
1204 26.393
1208 26.2415
1212 26.0918
1216 25.9438
1220 25.7977
1224 25.6534
1228 25.5109
1232 25.3704
1236 25.2317
1240 25.0949
1244 24.9601
1248 24.8273
1252 24.6964
1256 24.5676
1260 24.4408
1264 24.316
1268 24.1932
1272 24.0726
1276 23.954
1280 23.8376
1284 23.7233
1288 23.6111
1292 23.5011
1296 23.3933
1300 23.2877
1304 23.1843
1308 23.0832
1312 22.9842
1316 22.8876
1320 22.7932
1324 22.7011
1328 22.6113
1332 22.5238
1336 22.4387
1340 22.3559
1344 22.2754
1348 22.1973
1352 22.1216
1356 22.0483
1360 21.9774
1364 21.9089
1368 21.8428
1372 21.7792
1376 21.718
1380 21.6592
1384 21.603
1388 21.5491
1392 21.4978
1396 21.4489
1400 21.4026
1404 21.3587
1408 21.3173
1412 21.2785
1416 21.2421
1420 21.2083
1424 21.177
1428 21.1483
1432 21.122
1436 21.0984
1440 21.0772
1444 21.0586
1448 21.0426
1452 21.0291
1456 21.0182
1460 21.0098
1464 21.004
1468 21.0008
1472 21.0001
1476 21.0019
1480 21.0064
1484 21.0133
1488 21.0229
1492 21.035
1496 21.0496
1500 21.0668
1504 21.0866
1508 21.1089
1512 21.1337
1516 21.1611
1520 21.191
1524 21.2234
1528 21.2584
1532 21.2959
1536 21.3359
1540 21.3784
1544 21.4234
1548 21.4709
1552 21.5209
1556 21.5734
1560 21.6283
1564 21.6857
1568 21.7456
1572 21.8079
1576 21.8727
1580 21.9399
1584 22.0095
1588 22.0815
1592 22.1559
1596 22.2327
1600 22.3118
1604 22.3934
1608 22.4772
1612 22.5634
1616 22.652
1620 22.7428
1624 22.836
1628 22.9314
1632 23.0291
1636 23.129
1640 23.2312
1644 23.3356
1648 23.4422
1652 23.551
1656 23.662
1660 23.7752
1664 23.8904
1668 24.0079
1672 24.1274
1676 24.249
1680 24.3726
1684 24.4984
1688 24.6261
1692 24.7559
1696 24.8877
1700 25.0214
1704 25.1571
1708 25.2947
1712 25.4342
1716 25.5757
1720 25.719
1724 25.8641
1728 26.0111
1732 26.1599
1736 26.3104
1740 26.4627
1744 26.6168
1748 26.7726
1752 26.93
1756 27.0892
1760 27.2499
1764 27.4123
1768 27.5763
1772 27.7419
1776 27.909
1780 28.0776
1784 28.2477
1788 28.4193
1792 28.5923
1796 28.7667
1800 28.9425
1804 29.1197
1808 29.2983
1812 29.4781
1816 29.6592
1820 29.8416
1824 30.0252
1828 30.21
1832 30.396
1836 30.5831
1840 30.7713
1844 30.9606
1848 31.151
1852 31.3424
1856 31.5349
1860 31.7283
1864 31.9226
1868 32.1178
1872 32.314
1876 32.511
1880 32.7088
1884 32.9074
1888 33.1068
1892 33.3069
1896 33.5077
1900 33.7092
1904 33.9114
1908 34.1141
1912 34.3175
1916 34.5214
1920 34.7258
1924 34.9307
1928 35.1361
1932 35.3419
1936 35.5481
1940 35.7547
1944 35.9616
1948 36.1689
1952 36.3764
1956 36.5841
1960 36.7921
1964 37.0002
1968 37.2085
1972 37.4169
1976 37.6254
1980 37.834
1984 38.0425
1988 38.2511
1992 38.4596
1996 38.6681
2000 38.8765
2004 39.0847
2008 39.2928
2012 39.5007
2016 39.7083
2020 39.9157
2024 40.1228
2028 40.3296
2032 40.536
2036 40.7421
2040 40.9477
2044 41.1529
2048 41.3576
2052 41.5618
2056 41.7655
2060 41.9686
2064 42.1711
2068 42.373
2072 42.5743
2076 42.7748
2080 42.9746
2084 43.1737
2088 43.372
2092 43.5695
2096 43.7661
2100 43.9619
2104 44.1568
2108 44.3507
2112 44.5437
2116 44.7357
2120 44.9267
2124 45.1167
2128 45.3056
2132 45.4934
2136 45.68
2140 45.8655
2144 46.0498
2148 46.233
2152 46.4148
2156 46.5954
2160 46.7747
2164 46.9527
2168 47.1293
2172 47.3046
2176 47.4785
2180 47.6509
2184 47.8219
2188 47.9914
2192 48.1594
2196 48.3259
2200 48.4908
2204 48.6541
2208 48.8158
2212 48.9759
2216 49.1344
2220 49.2912
2224 49.4462
2228 49.5996
2232 49.7512
2236 49.901
2240 50.0491
2244 50.1953
2248 50.3397
2252 50.4822
2256 50.6229
2260 50.7617
2264 50.8985
2268 51.0334
2272 51.1663
2276 51.2973
2280 51.4262
2284 51.5532
2288 51.678
2292 51.8009
2296 51.9216
2300 52.0403
2304 52.1568
2308 52.2712
2312 52.3835
2316 52.4936
2320 52.6015
2324 52.7072
2328 52.8107
2332 52.912
2336 53.011
2340 53.1078
2344 53.2023
2348 53.2945
2352 53.3844
2356 53.472
2360 53.5573
2364 53.6402
2368 53.7207
2372 53.7989
2376 53.8748
2380 53.9482
2384 54.0192
2388 54.0878
2392 54.154
2396 54.2178
2400 54.2791
2404 54.338
2408 54.3944
2412 54.4483
2416 54.4998
2420 54.5488
2424 54.5953
2428 54.6393
2432 54.6807
2436 54.7197
2440 54.7562
2444 54.7901
2448 54.8215
2452 54.8504
2456 54.8767
2460 54.9005
2464 54.9218
2468 54.9405
2472 54.9567
2476 54.9703
2480 54.9813
2484 54.9898
2488 54.9958
2492 54.9991
2496 55
2500 54.9982
2504 54.9939
2508 54.9871
2512 54.9776
2516 54.9657
2520 54.9512
2524 54.9341
2528 54.9145
2532 54.8923
2536 54.8676
2540 54.8403
2544 54.8105
2548 54.7782
2552 54.7434
2556 54.706
2560 54.6661
2564 54.6237
2568 54.5788
2572 54.5314
2576 54.4816
2580 54.4292
2584 54.3744
2588 54.3171
2592 54.2573
2596 54.1951
2600 54.1305
2604 54.0634
2608 53.994
2612 53.9221
2616 53.8478
2620 53.7711
2624 53.692
2628 53.6106
2632 53.5269
2636 53.4408
2640 53.3524
2644 53.2616
2648 53.1686
2652 53.0733
2656 52.9757
2660 52.8759
2664 52.7738
2668 52.6695
2672 52.563
2676 52.4543
2680 52.3434
2684 52.2303
2688 52.1152
2692 51.9979
2696 51.8785
2700 51.757
2704 51.6334
2708 51.5078
2712 51.3801
2716 51.2504
2720 51.1188
2724 50.9851
2728 50.8495
2732 50.712
2736 50.5725
2740 50.4312
2744 50.288
2748 50.1429
2752 49.9961
2756 49.8474
2760 49.6969
2764 49.5447
2768 49.3907
2772 49.235
2776 49.0776
2780 48.9186
2784 48.7579
2788 48.5956
2792 48.4316
2796 48.2662
2800 48.0991
2804 47.9306
2808 47.7606
2812 47.5891
2816 47.4161
2820 47.2417
2824 47.066
2828 46.8889
2832 46.7104
2836 46.5306
2840 46.3496
2844 46.1673
2848 45.9837
2852 45.799
2856 45.613
2860 45.426
2864 45.2378
2868 45.0485
2872 44.8582
2876 44.6668
2880 44.4745
2884 44.2811
2888 44.0868
2892 43.8916
2896 43.6955
2900 43.4986
2904 43.3008
2908 43.1022
2912 42.9029
2916 42.7028
2920 42.502
2924 42.3005
2928 42.0984
2932 41.8957
2936 41.6923
2940 41.4885
2944 41.2841
2948 41.0792
2952 40.8738
2956 40.668
2960 40.4618
2964 40.2553
2968 40.0484
2972 39.8412
2976 39.6337
2980 39.4259
2984 39.218
2988 39.0099
2992 38.8016
2996 38.5932
3000 38.3847
3004 38.1761
3008 37.9675
3012 37.759
3016 37.5504
3020 37.342
3024 37.1336
3028 36.9253
3032 36.7173
3036 36.5094
3040 36.3017
3044 36.0943
3048 35.8872
3052 35.6804
3056 35.4739
3060 35.2679
3064 35.0622
3068 34.857
3072 34.6522
3076 34.448
3080 34.2443
3084 34.0412
3088 33.8386
3092 33.6367
3096 33.4354
3100 33.2349
3104 33.035
3108 32.8359
3112 32.6376
3116 32.44
3120 32.2434
3124 32.0475
3128 31.8526
3132 31.6586
3136 31.4656
3140 31.2735
3144 31.0825
3148 30.8924
3152 30.7035
3156 30.5157
3160 30.329
3164 30.1434
3168 29.959
3172 29.7759
3176 29.5939
3180 29.4133
3184 29.2339
3188 29.0559
3192 28.8792
3196 28.7038
3200 28.5299
3204 28.3574
3208 28.1863
3212 28.0168
3216 27.8487
3220 27.6822
3224 27.5172
3228 27.3538
3232 27.1919
3236 27.0318
3240 26.8732
3244 26.7164
3248 26.5612
3252 26.4078
3256 26.2561
3260 26.1062
3264 25.958
3268 25.8117
3272 25.6672
3276 25.5246
3280 25.3838
3284 25.245
3288 25.1081
3292 24.9731
3296 24.84
3300 24.709
3304 24.58
3308 24.4529
3312 24.3279
3316 24.205
3320 24.0842
3324 23.9654
3328 23.8488
3332 23.7342
3336 23.6219
3340 23.5117
3344 23.4036
3348 23.2978
3352 23.1942
3356 23.0928
3360 22.9937
3364 22.8968
3368 22.8022
3372 22.7099
3376 22.6199
3380 22.5322
3384 22.4468
3388 22.3638
3392 22.2831
3396 22.2048
3400 22.1288
3404 22.0553
3408 21.9842
3412 21.9154
3416 21.8491
3420 21.7852
3424 21.7238
3428 21.6648
3432 21.6083
3436 21.5542
3440 21.5026
3444 21.4535
3448 21.4069
3452 21.3628
3456 21.3212
3460 21.2821
3464 21.2455
3468 21.2115
3472 21.1799
3476 21.1509
3480 21.1245
3484 21.1005
3488 21.0792
3492 21.0603
3496 21.044
3500 21.0303
3504 21.0191
3508 21.0105
3512 21.0045
3516 21.001
3520 21
3524 21.0016
3528 21.0058
3532 21.0125
3536 21.0218
3540 21.0337
3544 21.0481
3548 21.065
3552 21.0845
3556 21.1066
3560 21.1312
3564 21.1583
3568 21.188
3572 21.2202
3576 21.2549
3580 21.2921
3584 21.3319
3588 21.3742
3592 21.4189
3596 21.4662
3600 21.516
3604 21.5682
3608 21.6229
3612 21.6801
3616 21.7397
3620 21.8018
3624 21.8663
3628 21.9333
3632 22.0026
3636 22.0744
3640 22.1486
3644 22.2251
3648 22.3041
3652 22.3854
3656 22.469
3660 22.555
3664 22.6433
3668 22.7339
3672 22.8269
3676 22.9221
3680 23.0195
3684 23.1193
3688 23.2212
3692 23.3254
3696 23.4318
3700 23.5404
3704 23.6512
3708 23.7641
3712 23.8792
3716 23.9964
3720 24.1157
3724 24.2371
3728 24.3606
3732 24.4861
3736 24.6137
3740 24.7433
3744 24.8748
3748 25.0084
3752 25.1439
3756 25.2813
3760 25.4207
3764 25.5619
3768 25.705
3772 25.85
3776 25.9968
3780 26.1454
3784 26.2958
3788 26.448
3792 26.6018
3796 26.7575
3800 26.9148
3804 27.0737
3808 27.2343
3812 27.3966
3816 27.5604
3820 27.7258
3824 27.8927
3828 28.0612
3832 28.2312
3836 28.4026
3840 28.5755
3844 28.7498
3848 28.9255
3852 29.1026
3856 29.2809
3860 29.4607
3864 29.6417
3868 29.8239
3872 30.0074
3876 30.1921
3880 30.3779
3884 30.565
3888 30.7531
3892 30.9423
3896 31.1326
3900 31.3239
3904 31.5162
3908 31.7095
3912 31.9038
3916 32.0989
3920 32.295
3924 32.4919
3928 32.6896
3932 32.8882
3936 33.0875
3940 33.2875
3944 33.4883
3948 33.6897
3952 33.8918
3956 34.0945
3960 34.2978
3964 34.5017
3968 34.706
3972 34.9109
3976 35.1163
3980 35.322
3984 35.5282
3988 35.7347
3992 35.9416
3996 36.1488
4000 36.3563
4004 36.564
4008 36.772
4012 36.9801
4016 37.1884
4020 37.3968
4024 37.6053
4028 37.8138
4032 38.0224
4036 38.231
4040 38.4395
4044 38.648
4048 38.8564
4052 39.0646
4056 39.2727
4060 39.4806
4064 39.6883
4068 39.8957
4072 40.1028
4076 40.3096
4080 40.5161
4084 40.7222
4088 40.9279
4092 41.1331
