  0.39817     0.30902 -0.07872     0.38357 -0.00417     0.38633 -0.00141
  0.49635     0.58779  0.11157     0.47068 -0.00554     0.47496 -0.00126
  0.59452     0.58779  0.02767     0.55780 -0.00232     0.55982 -0.00030
  0.69270     0.58779 -0.05083     0.63312 -0.00549     0.63894  0.00032
  0.79087     0.80902  0.09805     0.70226 -0.00871     0.71132  0.00035
  0.88905     0.80902  0.03254     0.77139 -0.00508     0.77660  0.00013
  0.98722     0.80902 -0.02548     0.82925 -0.00525     0.83442 -0.00008
  1.08540     0.80902 -0.07547     0.87363 -0.01085     0.88436 -0.00013
  1.18357     0.95106  0.02510     0.91802 -0.00794     0.92590 -0.00006
  1.28175     0.95106 -0.00746     0.95497 -0.00355     0.95852  0.00001
  1.37992     0.95106 -0.03078     0.97026 -0.01158     0.98184  0.00001
  1.47810     1.00000  0.00429     0.98556 -0.01015     0.99571  0.00000
  1.57627     1.00000  0.00002     0.99915 -0.00084     0.99998  0.00000
  1.67445     1.00000  0.00537     0.98385 -0.01078     0.99461 -0.00003
  1.77262     0.95106 -0.02865     0.96856 -0.01115     0.97967 -0.00003
  1.87080     0.95106 -0.00428     0.95326 -0.00207     0.95533  0.00000
  1.96897     0.95106  0.02929     0.91307 -0.00870     0.92176 -0.00001
  2.06715     0.80902 -0.07031     0.86868 -0.01064     0.87931 -0.00002
  2.16532     0.80902 -0.01940     0.82430 -0.00412     0.82841  0.00000
  2.26350     0.80902  0.03949     0.76368 -0.00585     0.76952 -0.00001
  2.36167     0.58779 -0.11544     0.69455 -0.00868     0.70321 -0.00002
  2.45985     0.58779 -0.04237     0.62541 -0.00474     0.63014 -0.00001
  2.55802     0.58779  0.03678     0.54808 -0.00293     0.55101  0.00000
  2.65619     0.58779  0.12122     0.46097 -0.00560     0.46655 -0.00001
  2.75437     0.30902 -0.06860     0.37385 -0.00377     0.37761 -0.00001
  2.85254     0.30902  0.02398     0.28432 -0.00072     0.28504  0.00000
  2.95072     0.30902  0.11930     0.18775 -0.00197     0.18971  0.00000
  3.04889     0.00000 -0.09257     0.09118 -0.00138     0.09256  0.00000
  3.14707     0.00000  0.00548    -0.00539  0.00009    -0.00548  0.00000
  3.24524     0.00000  0.10346    -0.10195  0.00151    -0.10346  0.00000
  3.34342    -0.30902 -0.10856    -0.19852  0.00194    -0.20046  0.00000
  3.44159    -0.30902 -0.01350    -0.29509  0.00043    -0.29552  0.00000
  3.53977    -0.30902  0.07872    -0.38357  0.00417    -0.38773  0.00001
